EVM 0	16	-1.454737	0.000000	0.405148
EVM 1	17	1.450638	0.000000	0.401361
EVM 2	17	1.506261	0.000000	0.453214
EVM 3	16	-1.472317	0.000000	0.421456
EVM 4	16	-1.483830	0.000000	0.432190
EVM 5	17	1.486359	0.000000	0.434553
EVM 6	17	1.360318	0.000000	0.319872
EVM 7	18	-0.219912	0.000000	0.167672
EVM 8	18	-0.203178	0.000000	0.161859
EVM 9	18	-0.201878	0.000000	0.161471
EVM 10	16	-1.473800	0.000000	0.422837
EVM 11	21	0.653495	0.000000	0.194264
EVM 12	17	1.483165	0.000000	0.431570
EVM 13	17	1.062408	0.000000	0.155317
EVM 14	18	-0.234569	0.000000	0.173931
EVM 15	16	-1.053402	0.000000	0.156600
EVM 16	18	-0.204268	0.000000	0.162191
EVM 17	21	0.643133	0.000000	0.200729
EVM 18	17	0.979987	0.000000	0.183948
EVM 19	16	-1.505199	0.000000	0.452215
EVM 20	16	-1.132513	0.000000	0.162955
EVM 21	21	0.764422	0.000000	0.154466
EVM 22	21	0.728558	0.000000	0.160172
EVM 23	19	0.231547	0.000000	0.172558
EVM 24	19	0.193540	0.000000	0.159214
EVM 25	16	-1.482374	0.000000	0.430830
EVM 26	16	-1.452241	0.000000	0.402841
EVM 27	18	-0.157604	0.000000	0.154339
EVM 28	16	-1.059455	0.000000	0.155681
EVM 29	17	1.413165	0.000000	0.367051
EVM 30	17	1.464543	0.000000	0.414232
EVM 31	17	1.281221	0.000000	0.253475
EVM 32	17	1.034231	0.000000	0.160983
EVM 33	17	1.495907	0.000000	0.443492
EVM 34	16	-1.465228	0.000000	0.414867
EVM 35	19	0.131507	0.000000	0.155978
EVM 36	23	0.564635	0.000000	0.184818
EVM 37	17	1.535006	0.000000	0.480342
EVM 38	17	1.365604	0.000000	0.324513
EVM 39	18	-0.247453	0.000000	0.180240
EVM 40	23	0.547883	0.000000	0.176153
EVM 41	17	1.023751	0.000000	0.164278
EVM 42	17	0.975067	0.000000	0.186672
EVM 43	23	0.544433	0.000000	0.174515
EVM 44	17	1.141438	0.000000	0.166039
EVM 45	17	1.312461	0.000000	0.278909
EVM 46	20	-0.653903	0.000000	0.194017
EVM 47	16	-1.093026	0.000000	0.154842
EVM 48	19	0.201902	0.000000	0.161478
EVM 49	17	1.516811	0.000000	0.463147
EVM 50	23	0.610828	0.000000	0.213750
EVM 51	16	-1.081039	0.000000	0.154306
EVM 52	21	0.656026	0.000000	0.192737
EVM 53	20	-0.621340	0.000000	0.215320
EVM 54	16	-1.432283	0.000000	0.384481
EVM 55	18	-0.194715	0.000000	0.159507
EVM 56	16	-1.035433	0.000000	0.160645
EVM 57	21	0.641446	0.000000	0.201812
EVM 58	17	1.337452	0.000000	0.300046
EVM 59	16	-1.002382	0.000000	0.172781
EVM 60	20	-0.638541	0.000000	0.203696
EVM 61	17	1.046605	0.000000	0.157902
EVM 62	19	0.198108	0.000000	0.160401
EVM 63	18	-0.231336	0.000000	0.172463
EVM 64	21	0.663229	0.000000	0.188510
EVM 65	18	-0.230268	0.000000	0.171989
EVM 66	16	-1.448854	0.000000	0.399715
EVM 67	16	-1.389697	0.000000	0.345898
EVM 68	18	-0.235453	0.000000	0.174341
EVM 69	17	1.080816	0.000000	0.154305
EVM 70	17	1.431707	0.000000	0.383954
EVM 71	16	-1.462496	0.000000	0.412333
EVM 72	16	-1.488862	0.000000	0.436895
EVM 73	16	-1.413800	0.000000	0.367627
EVM 74	17	1.359387	0.000000	0.319058
EVM 75	21	0.663706	0.000000	0.188236
EVM 76	17	1.031666	0.000000	0.161733
EVM 77	16	-0.990823	0.000000	0.178281
EVM 78	16	-1.433198	0.000000	0.385319
EVM 79	17	1.435598	0.000000	0.387520
EVM 80	20	-0.717346	0.000000	0.163536
EVM 81	19	0.288576	0.000000	0.204545
EVM 82	20	-0.644491	0.000000	0.199862
EVM 83	17	1.368350	0.000000	0.326931
EVM 84	17	1.472970	0.000000	0.422064
EVM 85	16	-1.115843	0.000000	0.158384
EVM 86	18	-0.240196	0.000000	0.176599
EVM 87	17	0.936717	0.000000	0.210653
EVM 88	22	-0.504798	0.000000	0.159888
EVM 89	16	-1.408997	0.000000	0.363273
EVM 90	23	0.557051	0.000000	0.180754
EVM 91	21	0.910554	0.000000	0.207704
EVM 92	16	-1.411887	0.000000	0.365891
EVM 93	20	-0.628852	0.000000	0.210149
EVM 94	21	0.838413	0.000000	0.168180
EVM 95	17	1.376119	0.000000	0.333800
EVM 96	17	1.533220	0.000000	0.478650
EVM 97	17	1.389390	0.000000	0.345623
EVM 98	17	1.451076	0.000000	0.401765
EVM 99	17	1.437848	0.000000	0.389585
EVM 100	22	-0.610855	0.000000	0.213769
EVM 101	20	-0.620436	0.000000	0.215951
EVM 102	21	0.630137	0.000000	0.209279
EVM 103	17	1.494683	0.000000	0.442345
EVM 104	19	0.134418	0.000000	0.155579
EVM 105	20	-0.634759	0.000000	0.206185
EVM 106	20	-0.624022	0.000000	0.213458
EVM 107	19	0.231999	0.000000	0.172761
EVM 108	18	-0.184077	0.000000	0.157150
EVM 109	23	0.608319	0.000000	0.212022
EVM 110	17	1.349342	0.000000	0.310303
EVM 111	19	0.217740	0.000000	0.166834
EVM 112	16	-1.434807	0.000000	0.386795
EVM 113	21	0.640755	0.000000	0.202257
EVM 114	17	1.442601	0.000000	0.393953
EVM 115	22	-0.604089	0.000000	0.209143
EVM 116	16	-1.430607	0.000000	0.382947
EVM 117	17	1.425361	0.000000	0.378152
EVM 118	21	0.621423	0.000000	0.215262
EVM 119	21	0.642774	0.000000	0.200959
EVM 120	19	0.258223	0.000000	0.186034
EVM 121	22	-0.590099	0.000000	0.199967
EVM 122	16	-1.481125	0.000000	0.429665
EVM 123	16	-1.504176	0.000000	0.451254
EVM 124	16	-1.253707	0.000000	0.232252
EVM 125	20	-0.670445	0.000000	0.184459
EVM 126	19	0.109468	0.000000	0.160685
EVM 127	23	0.497595	0.000000	0.158154
EVM 128	16	-0.994394	0.000000	0.176520
EVM 129	23	0.600314	0.000000	0.206614
EVM 130	17	0.997352	0.000000	0.175102
EVM 131	16	-1.057104	0.000000	0.156011
EVM 132	22	-0.566450	0.000000	0.185822
EVM 133	22	-0.602941	0.000000	0.208371
EVM 134	16	-1.034894	0.000000	0.160796
EVM 135	17	1.416170	0.000000	0.369780
EVM 136	22	-0.594934	0.000000	0.203076
EVM 137	21	0.737981	0.000000	0.157906
EVM 138	22	-0.585033	0.000000	0.196783
EVM 139	17	1.072853	0.000000	0.154475
EVM 140	23	0.318349	0.000000	0.211441
EVM 141	16	-1.486208	0.000000	0.434412
EVM 142	17	1.039000	0.000000	0.159689
EVM 143	16	-1.001577	0.000000	0.173145
EVM 144	22	-0.546408	0.000000	0.175446
EVM 145	19	0.211700	0.000000	0.164633
EVM 146	20	-0.805735	0.000000	0.158052
EVM 147	23	0.609086	0.000000	0.212549
EVM 148	19	0.165223	0.000000	0.154689
EVM 149	17	1.381563	0.000000	0.338637
EVM 150	19	0.244459	0.000000	0.178711
EVM 151	23	0.566514	0.000000	0.185858
EVM 152	16	-1.416068	0.000000	0.369687
EVM 153	19	0.167798	0.000000	0.154892
EVM 154	18	-0.241811	0.000000	0.177390
EVM 155	18	-0.131062	0.000000	0.156044
EVM 156	17	1.088176	0.000000	0.154513
EVM 157	16	-1.418289	0.000000	0.371706
EVM 158	17	1.436505	0.000000	0.388352
EVM 159	23	0.605249	0.000000	0.209928
EVM 160	21	0.621238	0.000000	0.215391
EVM 161	17	1.016810	0.000000	0.166788
EVM 162	17	1.349036	0.000000	0.310037
EVM 163	19	0.178036	0.000000	0.156118
EVM 164	19	0.217974	0.000000	0.166923
EVM 165	19	0.227443	0.000000	0.170760
EVM 166	16	-1.436350	0.000000	0.388210
EVM 167	16	-1.461008	0.000000	0.410954
EVM 168	16	-1.054309	0.000000	0.156448
EVM 169	16	-1.051259	0.000000	0.156980
EVM 170	19	0.200712	0.000000	0.161131
EVM 171	19	0.201298	0.000000	0.161301
EVM 172	17	1.005682	0.000000	0.171321
EVM 173	23	0.592389	0.000000	0.201430
EVM 174	17	1.413665	0.000000	0.367504
EVM 175	18	-0.258618	0.000000	0.186255
EVM 176	16	-1.416343	0.000000	0.369937
EVM 177	17	1.418254	0.000000	0.371675
EVM 178	18	-0.238272	0.000000	0.175671
EVM 179	17	1.499186	0.000000	0.446568
EVM 180	23	0.579835	0.000000	0.193600
EVM 181	17	1.473355	0.000000	0.422422
EVM 182	21	0.677743	0.000000	0.180563
EVM 183	16	-1.466732	0.000000	0.416264
EVM 184	19	0.182012	0.000000	0.156771
EVM 185	23	0.598655	0.000000	0.205515
EVM 186	16	-1.453055	0.000000	0.403593
EVM 187	17	1.325761	0.000000	0.290082
EVM 188	16	-1.079401	0.000000	0.154305
EVM 189	20	-0.694858	0.000000	0.172297
EVM 190	19	0.204125	0.000000	0.162147
EVM 191	16	-1.409777	0.000000	0.363979
EVM 192	16	-1.020976	0.000000	0.165251
EVM 193	18	-0.210968	0.000000	0.164379
EVM 194	19	0.277107	0.000000	0.197206
EVM 195	21	0.710316	0.000000	0.165997
EVM 196	17	1.325469	0.000000	0.289834
EVM 197	16	-2.131867	0.000000	1.063003
EVM 198	20	-0.850207	0.000000	0.173210
EVM 199	20	-0.690036	0.000000	0.174495
EVM 200	19	0.257329	0.000000	0.185537
EVM 201	17	1.368653	0.000000	0.327199
EVM 202	16	-1.437921	0.000000	0.389652
EVM 203	23	0.612929	0.000000	0.215210
EVM 204	18	-0.249094	0.000000	0.181093
EVM 205	18	-0.228441	0.000000	0.171190
EVM 206	19	0.250211	0.000000	0.181681
EVM 207	17	1.527376	0.000000	0.473122
EVM 208	16	-1.016172	0.000000	0.167031
EVM 209	20	-0.657281	0.000000	0.191988
EVM 210	18	-0.221647	0.000000	0.168359
EVM 211	17	1.060380	0.000000	0.155561
EVM 212	17	1.451526	0.000000	0.402181
EVM 213	16	-1.453987	0.000000	0.404454
EVM 214	17	1.372158	0.000000	0.330293
EVM 215	17	1.435949	0.000000	0.387842
EVM 216	17	1.430010	0.000000	0.382401
EVM 217	18	-0.225623	0.000000	0.169988
EVM 218	21	0.636088	0.000000	0.205306
EVM 219	16	-1.072547	0.000000	0.154489
EVM 220	18	-0.237515	0.000000	0.175310
EVM 221	16	-1.031961	0.000000	0.161645
EVM 222	17	1.059850	0.000000	0.155629
EVM 223	17	1.035254	0.000000	0.160695
EVM 224	17	1.479854	0.000000	0.428479
EVM 225	16	-1.454564	0.000000	0.404988
EVM 226	16	-0.976296	0.000000	0.185983
EVM 227	19	0.091187	0.000000	0.166713
EVM 228	16	-1.317887	0.000000	0.283445
EVM 229	17	1.023344	0.000000	0.164418
EVM 230	19	0.142162	0.000000	0.154780
EVM 231	19	0.258520	0.000000	0.186200
EVM 232	18	-0.229789	0.000000	0.171778
EVM 233	23	0.608230	0.000000	0.211961
EVM 234	17	1.500800	0.000000	0.448083
EVM 235	17	1.024737	0.000000	0.163943
EVM 236	18	-0.243027	0.000000	0.177993
EVM 237	17	1.463438	0.000000	0.413206
EVM 238	20	-0.666082	0.000000	0.186885
EVM 239	17	1.277167	0.000000	0.250271
EVM 240	19	0.245244	0.000000	0.179108
EVM 241	22	-0.587483	0.000000	0.198313
EVM 242	19	0.134780	0.000000	0.155534
EVM 243	16	-1.690797	0.000000	0.629867
EVM 244	21	0.771040	0.000000	0.154304
EVM 245	22	-0.481642	0.000000	0.155436
EVM 246	18	-0.296105	0.000000	0.209564
EVM 247	19	0.036650	0.000000	0.194041
EVM 248	17	1.424620	0.000000	0.377475
EVM 249	19	0.160573	0.000000	0.154431
EVM 250	16	-2.006171	0.000000	0.938815
EVM 251	19	0.259797	0.000000	0.186918
EVM 252	22	-0.322826	0.000000	0.208406
EVM 253	17	1.488558	0.000000	0.436610
EVM 254	19	0.162542	0.000000	0.154523
EVM 255	17	1.058425	0.000000	0.155821
EVM 256	17	1.009952	0.000000	0.169510
EVM 257	21	0.654616	0.000000	0.193585
EVM 258	17	1.441355	0.000000	0.392808
EVM 259	17	1.451984	0.000000	0.402603
EVM 260	16	-1.108720	0.000000	0.156931
EVM 261	20	-0.644521	0.000000	0.199844
EVM 262	18	-0.128318	0.000000	0.156476
EVM 263	16	-1.004748	0.000000	0.171729
EVM 264	16	-1.010655	0.000000	0.169220
EVM 265	18	-0.205603	0.000000	0.162607
EVM 266	17	1.366382	0.000000	0.325198
EVM 267	20	-0.653054	0.000000	0.194532
EVM 268	17	1.432247	0.000000	0.384448
EVM 269	17	1.006745	0.000000	0.170862
EVM 270	17	1.020966	0.000000	0.165255
EVM 271	18	-0.240277	0.000000	0.176638
EVM 272	16	-1.004458	0.000000	0.171857
EVM 273	21	0.663008	0.000000	0.188636
EVM 274	19	0.240249	0.000000	0.176625
EVM 275	16	-1.114788	0.000000	0.158149
EVM 276	17	1.472378	0.000000	0.421513
EVM 277	20	-0.668557	0.000000	0.185500
EVM 278	22	-0.591551	0.000000	0.200893
EVM 279	22	-0.572374	0.000000	0.189187
EVM 280	16	-1.468304	0.000000	0.417724
EVM 281	23	0.484542	0.000000	0.155812
EVM 282	21	0.662974	0.000000	0.188656
EVM 283	19	0.116089	0.000000	0.158965
EVM 284	16	-1.439069	0.000000	0.390707
EVM 285	20	-0.663535	0.000000	0.188333
EVM 286	18	-0.205976	0.000000	0.162726
EVM 287	23	0.611296	0.000000	0.214074
EVM 288	16	-1.060632	0.000000	0.155529
EVM 289	16	-1.064053	0.000000	0.155138
EVM 290	21	0.666695	0.000000	0.186540
EVM 291	17	1.343889	0.000000	0.305585
EVM 292	17	1.018063	0.000000	0.166316
EVM 293	17	1.394344	0.000000	0.350063
EVM 294	23	0.545753	0.000000	0.175136
EVM 295	16	-1.012819	0.000000	0.168343
EVM 296	16	-0.961004	0.000000	0.194933
EVM 297	17	1.468068	0.000000	0.417505
EVM 298	22	-0.589210	0.000000	0.199402
EVM 299	18	-0.016623	0.000000	0.206798
EVM 300	22	-0.399656	0.000000	0.166765
EVM 301	22	-0.440618	0.000000	0.155905
EVM 302	23	0.480012	0.000000	0.155248
EVM 303	18	-0.259642	0.000000	0.186831
EVM 304	22	-0.592299	0.000000	0.201373
EVM 305	17	1.492322	0.000000	0.440133
EVM 306	18	-0.158472	0.000000	0.154360
EVM 307	16	-1.447270	0.000000	0.398253
EVM 308	18	-0.269414	0.000000	0.192510
EVM 309	17	1.399087	0.000000	0.354326
EVM 310	18	-0.243590	0.000000	0.178274
EVM 311	22	-0.519361	0.000000	0.164305
EVM 312	19	0.229937	0.000000	0.171843
EVM 313	18	-0.190054	0.000000	0.158391
EVM 314	18	-0.226793	0.000000	0.170483
EVM 315	17	1.046641	0.000000	0.157894
EVM 316	17	1.436622	0.000000	0.388459
EVM 317	16	-1.427155	0.000000	0.379790
EVM 318	17	1.366214	0.000000	0.325050
EVM 319	16	-1.461604	0.000000	0.411505
EVM 320	17	1.437833	0.000000	0.389571
EVM 321	16	-1.044879	0.000000	0.158277
EVM 322	23	0.605080	0.000000	0.209814
EVM 323	16	-1.436383	0.000000	0.388240
EVM 324	16	-1.457250	0.000000	0.407472
EVM 325	22	-0.588480	0.000000	0.198940
EVM 326	18	-0.174139	0.000000	0.155573
EVM 327	16	-1.411147	0.000000	0.365220
EVM 328	18	-0.226651	0.000000	0.170422
EVM 329	19	0.246420	0.000000	0.179708
EVM 330	19	0.210438	0.000000	0.164197
EVM 331	19	0.229295	0.000000	0.171561
EVM 332	16	-1.505719	0.000000	0.452704
EVM 333	17	1.421707	0.000000	0.374819
EVM 334	16	-1.550851	0.000000	0.495373
EVM 335	17	1.080372	0.000000	0.154304
EVM 336	17	0.939317	0.000000	0.208892
EVM 337	17	1.442707	0.000000	0.394051
EVM 338	17	1.023650	0.000000	0.164313
EVM 339	19	0.203082	0.000000	0.161830
EVM 340	18	-0.276394	0.000000	0.196763
EVM 341	23	0.602386	0.000000	0.207998
EVM 342	21	0.772460	0.000000	0.154306
EVM 343	17	1.350469	0.000000	0.311282
EVM 344	16	-1.665192	0.000000	0.605074
EVM 345	18	-0.113398	0.000000	0.159633
EVM 346	16	-1.443740	0.000000	0.395002
EVM 347	21	0.741593	0.000000	0.157178
EVM 348	22	-0.330138	0.000000	0.203563
EVM 349	16	-1.431143	0.000000	0.383437
EVM 350	20	-0.648233	0.000000	0.197505
EVM 351	20	-0.870450	0.000000	0.183296
EVM 352	22	-0.442467	0.000000	0.155652
EVM 353	19	0.095269	0.000000	0.165211
EVM 354	18	-0.144033	0.000000	0.154645
EVM 355	20	-0.759911	0.000000	0.154739
EVM 356	22	-0.515861	0.000000	0.163136
EVM 357	17	1.157633	0.000000	0.172677
EVM 358	20	-0.687597	0.000000	0.175647
EVM 359	17	1.091580	0.000000	0.154728
EVM 360	18	-0.214996	0.000000	0.165810
EVM 361	21	0.702573	0.000000	0.169005
EVM 362	16	-1.010340	0.000000	0.169349
EVM 363	20	-0.665079	0.000000	0.187453
EVM 364	20	-0.660142	0.000000	0.190299
EVM 365	17	1.074395	0.000000	0.154410
EVM 366	16	-1.070637	0.000000	0.154595
EVM 367	19	0.252675	0.000000	0.182993
EVM 368	18	-0.280302	0.000000	0.199212
EVM 369	16	-1.034603	0.000000	0.160878
EVM 370	17	1.364203	0.000000	0.323281
EVM 371	17	1.483050	0.000000	0.431461
EVM 372	19	0.219319	0.000000	0.167441
EVM 373	19	0.208571	0.000000	0.163568
EVM 374	20	-0.635059	0.000000	0.205986
EVM 375	16	-1.462187	0.000000	0.412047
EVM 376	16	-1.494163	0.000000	0.441858
EVM 377	16	-1.057245	0.000000	0.155990
EVM 378	16	-1.018169	0.000000	0.166277
EVM 379	19	0.163632	0.000000	0.154585
EVM 380	18	-0.179885	0.000000	0.156410
EVM 381	17	1.039889	0.000000	0.159463
EVM 382	16	-1.011561	0.000000	0.168850
EVM 383	16	-1.438224	0.000000	0.389930
EVM 384	16	-1.292185	0.000000	0.262259
EVM 385	16	-1.213549	0.000000	0.203990
EVM 386	16	-1.539663	0.000000	0.484754
EVM 387	20	-0.679130	0.000000	0.179847
EVM 388	17	1.045493	0.000000	0.158142
EVM 389	21	0.676506	0.000000	0.181209
EVM 390	17	1.474270	0.000000	0.423274
EVM 391	18	-0.159269	0.000000	0.154383
EVM 392	16	-1.064531	0.000000	0.155089
EVM 393	16	-1.475832	0.000000	0.424729
EVM 394	16	-1.421897	0.000000	0.374991
EVM 395	17	1.356185	0.000000	0.316259
EVM 396	23	0.355361	0.000000	0.188086
EVM 397	16	-1.058888	0.000000	0.155758
EVM 398	18	-0.103157	0.000000	0.162559
EVM 399	16	-0.984142	0.000000	0.181720
EVM 400	16	-1.052046	0.000000	0.156837
EVM 401	22	-0.522358	0.000000	0.165359
EVM 402	20	-0.766695	0.000000	0.154379
EVM 403	17	1.309006	0.000000	0.276038
EVM 404	17	1.530241	0.000000	0.475831
EVM 405	16	-1.448418	0.000000	0.399312
EVM 406	17	0.965934	0.000000	0.191960
EVM 407	17	1.471947	0.000000	0.421112
EVM 408	23	0.568531	0.000000	0.186990
EVM 409	17	1.243193	0.000000	0.224502
EVM 410	18	-0.194874	0.000000	0.159548
EVM 411	22	-0.567875	0.000000	0.186620
EVM 412	21	0.632640	0.000000	0.207596
EVM 413	17	1.004473	0.000000	0.171850
EVM 414	17	1.010626	0.000000	0.169232
EVM 415	17	1.460077	0.000000	0.410090
EVM 416	16	-1.465249	0.000000	0.414887
EVM 417	23	0.614926	0.000000	0.216606
EVM 418	17	1.025860	0.000000	0.163566
EVM 419	16	-1.026413	0.000000	0.163384
EVM 420	16	-1.049522	0.000000	0.157309
EVM 421	16	-1.058828	0.000000	0.155766
EVM 422	17	1.337047	0.000000	0.299699
EVM 423	18	-0.205492	0.000000	0.162573
EVM 424	17	1.419079	0.000000	0.372425
EVM 425	19	0.219363	0.000000	0.167458
EVM 426	20	-0.643939	0.000000	0.200214
EVM 427	16	-1.431033	0.000000	0.383337
EVM 428	21	0.650805	0.000000	0.195910
EVM 429	17	1.465580	0.000000	0.415195
EVM 430	17	1.471199	0.000000	0.420416
EVM 431	16	-1.451990	0.000000	0.402609
EVM 432	16	-1.417637	0.000000	0.371113
EVM 433	16	-1.448961	0.000000	0.399813
EVM 434	17	1.446131	0.000000	0.397204
EVM 435	17	1.518715	0.000000	0.464943
EVM 436	16	-1.314660	0.000000	0.280743
EVM 437	19	0.294027	0.000000	0.208164
EVM 438	17	1.540064	0.000000	0.485133
EVM 439	18	-0.264049	0.000000	0.189350
EVM 440	16	-1.454089	0.000000	0.404548
EVM 441	16	-1.035004	0.000000	0.160765
EVM 442	21	0.694333	0.000000	0.172531
EVM 443	17	1.069783	0.000000	0.154649
EVM 444	21	0.644599	0.000000	0.199794
EVM 445	18	-0.270714	0.000000	0.193290
EVM 446	23	0.606767	0.000000	0.210960
EVM 447	17	1.299314	0.000000	0.268056
EVM 448	19	0.207885	0.000000	0.163342
EVM 449	18	-0.171229	0.000000	0.155229
EVM 450	16	-1.498174	0.000000	0.445619
EVM 451	16	-0.986510	0.000000	0.180480
EVM 452	16	-1.111307	0.000000	0.157423
EVM 453	19	0.134635	0.000000	0.155552
EVM 454	23	0.527521	0.000000	0.167285
EVM 455	20	-0.883824	0.000000	0.190847
EVM 456	17	1.061623	0.000000	0.155408
EVM 457	19	0.148641	0.000000	0.154407
EVM 458	22	-0.341158	0.000000	0.196553
EVM 459	20	-0.743416	0.000000	0.156841
EVM 460	16	-1.104626	0.000000	0.156237
EVM 461	17	1.345817	0.000000	0.307250
EVM 462	16	-1.113531	0.000000	0.157878
EVM 463	20	-0.692929	0.000000	0.173163
EVM 464	16	-1.471996	0.000000	0.421158
EVM 465	16	-1.490517	0.000000	0.438443
EVM 466	18	-0.192155	0.000000	0.158878
EVM 467	18	-0.243502	0.000000	0.178230
EVM 468	18	-0.173470	0.000000	0.155489
EVM 469	22	-0.598634	0.000000	0.205500
EVM 470	16	-1.416430	0.000000	0.370016
EVM 471	16	-1.007771	0.000000	0.170424
EVM 472	17	1.486675	0.000000	0.434849
EVM 473	18	-0.219721	0.000000	0.167598
EVM 474	17	1.336434	0.000000	0.299173
EVM 475	20	-0.633675	0.000000	0.206905
EVM 476	23	0.590703	0.000000	0.200351
EVM 477	18	-0.230058	0.000000	0.171896
EVM 478	16	-1.028570	0.000000	0.162688
EVM 479	19	0.170803	0.000000	0.155183
EVM 480	20	-0.655175	0.000000	0.193248
EVM 481	22	-0.610053	0.000000	0.213215
EVM 482	19	0.205581	0.000000	0.162601
EVM 483	21	0.644664	0.000000	0.199753
EVM 484	18	-0.295459	0.000000	0.209128
EVM 485	16	-1.397247	0.000000	0.352671
EVM 486	18	-0.204456	0.000000	0.162249
EVM 487	17	1.511085	0.000000	0.457752
EVM 488	16	-1.437714	0.000000	0.389462
EVM 489	17	1.366149	0.000000	0.324993
EVM 490	18	-0.234434	0.000000	0.173869
EVM 491	19	0.264046	0.000000	0.189349
EVM 492	17	1.454346	0.000000	0.404786
EVM 493	19	0.207225	0.000000	0.163127
EVM 494	16	-1.411700	0.000000	0.365722
EVM 495	18	-0.289021	0.000000	0.204838
EVM 496	17	1.042825	0.000000	0.158747
EVM 497	16	-1.462863	0.000000	0.412674
EVM 498	16	-1.514662	0.000000	0.461122
EVM 499	17	1.284047	0.000000	0.255723
EVM 500	20	-0.742280	0.000000	0.157049
EVM 501	20	-0.659094	0.000000	0.190915
EVM 502	20	-0.621486	0.000000	0.215218
EVM 503	16	-1.552020	0.000000	0.496483
EVM 504	19	0.233324	0.000000	0.173360
EVM 505	22	-0.560489	0.000000	0.182569
EVM 506	20	-0.626687	0.000000	0.211625
EVM 507	20	-0.817538	0.000000	0.161020
EVM 508	17	0.968055	0.000000	0.190706
EVM 509	18	-0.195371	0.000000	0.159675
EVM 510	18	-0.109613	0.000000	0.160645
EVM 511	23	0.332023	0.000000	0.202339
EVM 512	22	-0.508760	0.000000	0.160971
EVM 513	16	-1.448483	0.000000	0.399373
EVM 514	17	1.476471	0.000000	0.425324
EVM 515	20	-0.668327	0.000000	0.185628
EVM 516	21	0.645211	0.000000	0.199406
EVM 517	16	-1.487622	0.000000	0.435735
EVM 518	17	1.428503	0.000000	0.381022
EVM 519	22	-0.547764	0.000000	0.176096
EVM 520	16	-1.048327	0.000000	0.157545
EVM 521	16	-1.460019	0.000000	0.410037
EVM 522	16	-1.069397	0.000000	0.154676
EVM 523	16	-1.470197	0.000000	0.419484
EVM 524	20	-0.629757	0.000000	0.209536
EVM 525	18	-0.236968	0.000000	0.175052
EVM 526	17	1.356968	0.000000	0.316942
EVM 527	21	0.621054	0.000000	0.215519
EVM 528	22	-0.606141	0.000000	0.210534
EVM 529	19	0.221736	0.000000	0.168394
EVM 530	17	1.422656	0.000000	0.375684
EVM 531	23	0.573510	0.000000	0.189847
EVM 532	16	-1.448156	0.000000	0.399071
EVM 533	20	-0.638124	0.000000	0.203969
EVM 534	18	-0.210823	0.000000	0.164329
EVM 535	17	1.044169	0.000000	0.158437
EVM 536	16	-1.083453	0.000000	0.154339
EVM 537	18	-0.168887	0.000000	0.154991
EVM 538	22	-0.560054	0.000000	0.182336
EVM 539	21	0.631713	0.000000	0.208218
EVM 540	16	-1.294953	0.000000	0.264502
EVM 541	21	0.863909	0.000000	0.179850
EVM 542	23	0.338198	0.000000	0.198400
EVM 543	20	-0.670297	0.000000	0.184540
EVM 544	18	-0.093040	0.000000	0.166020
EVM 545	20	-0.681100	0.000000	0.178843
EVM 546	16	-0.983055	0.000000	0.182296
EVM 547	17	1.120570	0.000000	0.159516
EVM 548	22	-0.547067	0.000000	0.175761
EVM 549	16	-1.071367	0.000000	0.154552
EVM 550	17	1.441954	0.000000	0.393359
EVM 551	17	1.325820	0.000000	0.290132
EVM 552	23	0.589776	0.000000	0.199761
EVM 553	18	-0.030116	0.000000	0.198071
EVM 554	22	-0.592793	0.000000	0.201690
EVM 555	20	-0.731614	0.000000	0.159379
EVM 556	17	1.405808	0.000000	0.360389
EVM 557	17	1.334687	0.000000	0.297678
EVM 558	16	-1.066132	0.000000	0.154936
EVM 559	22	-0.580382	0.000000	0.193931
EVM 560	18	-0.213243	0.000000	0.165177
EVM 561	16	-1.766419	0.000000	0.703428
EVM 562	21	0.648830	0.000000	0.197133
EVM 563	20	-0.825931	0.000000	0.163617
EVM 564	21	0.665223	0.000000	0.187371
EVM 565	17	1.263116	0.000000	0.239366
EVM 566	17	1.411388	0.000000	0.365439
EVM 567	17	1.447267	0.000000	0.398251
EVM 568	16	-1.087985	0.000000	0.154503
EVM 569	17	1.517552	0.000000	0.463847
EVM 570	20	-0.661085	0.000000	0.189749
EVM 571	23	0.608703	0.000000	0.212286
EVM 572	19	0.201082	0.000000	0.161238
EVM 573	18	-0.253061	0.000000	0.183201
EVM 574	19	0.248047	0.000000	0.180547
EVM 575	16	-1.432817	0.000000	0.384970
EVM 576	20	-0.624951	0.000000	0.212817
EVM 577	18	-0.178299	0.000000	0.156158
EVM 578	17	1.309666	0.000000	0.276585
EVM 579	16	-1.013213	0.000000	0.168186
EVM 580	16	-1.021514	0.000000	0.165059
EVM 581	20	-0.637310	0.000000	0.204502
EVM 582	21	0.632412	0.000000	0.207749
EVM 583	16	-1.480580	0.000000	0.429156
EVM 584	19	0.207864	0.000000	0.163335
EVM 585	20	-0.636700	0.000000	0.204903
EVM 586	19	0.256011	0.000000	0.184808
EVM 587	19	0.230838	0.000000	0.172241
EVM 588	16	-1.038246	0.000000	0.159885
EVM 589	19	0.150785	0.000000	0.154343
EVM 590	17	1.066705	0.000000	0.154886
EVM 591	17	1.063424	0.000000	0.155204
EVM 592	16	-1.469224	0.000000	0.418580
EVM 593	17	0.973588	0.000000	0.187508
EVM 594	19	0.269479	0.000000	0.192549
EVM 595	16	-1.120365	0.000000	0.159465
EVM 596	20	-0.654541	0.000000	0.193631
EVM 597	17	1.540404	0.000000	0.485456
EVM 598	20	-0.676188	0.000000	0.181376
EVM 599	21	0.635551	0.000000	0.205660
EVM 600	17	1.496647	0.000000	0.444186
EVM 601	17	1.446995	0.000000	0.398000
EVM 602	17	1.096218	0.000000	0.155140
EVM 603	17	1.346295	0.000000	0.307663
EVM 604	16	-0.992674	0.000000	0.177361
EVM 605	16	-1.547303	0.000000	0.492002
EVM 606	18	-0.276427	0.000000	0.196783
EVM 607	16	-1.059096	0.000000	0.155729
EVM 608	22	-0.601886	0.000000	0.207663
EVM 609	17	1.383272	0.000000	0.340160
EVM 610	16	-1.116570	0.000000	0.158549
EVM 611	19	0.133677	0.000000	0.155676
EVM 612	16	-1.111599	0.000000	0.157481
EVM 613	23	0.386779	0.000000	0.172062
EVM 614	23	0.591866	0.000000	0.201095
EVM 615	22	-0.616497	0.000000	0.217712
EVM 616	17	1.026897	0.000000	0.163226
EVM 617	17	1.382162	0.000000	0.339171
EVM 618	19	0.096036	0.000000	0.164938
EVM 619	21	0.651387	0.000000	0.195552
EVM 620	17	1.062186	0.000000	0.155342
EVM 621	19	0.174993	0.000000	0.155684
EVM 622	20	-0.690913	0.000000	0.174088
EVM 623	17	0.982728	0.000000	0.182470
EVM 624	17	1.040992	0.000000	0.159188
EVM 625	17	1.032298	0.000000	0.161545
EVM 626	16	-1.508377	0.000000	0.455204
EVM 627	17	1.420813	0.000000	0.374004
EVM 628	18	-0.219767	0.000000	0.167616
EVM 629	16	-1.447698	0.000000	0.398648
EVM 630	17	1.360142	0.000000	0.319718
EVM 631	22	-0.587860	0.000000	0.198550
EVM 632	17	1.480352	0.000000	0.428944
EVM 633	17	1.468971	0.000000	0.418345
EVM 634	16	-1.476981	0.000000	0.425800
EVM 635	19	0.220148	0.000000	0.167765
EVM 636	19	0.223953	0.000000	0.169294
EVM 637	16	-1.456510	0.000000	0.406788
EVM 638	21	0.651033	0.000000	0.195770
EVM 639	16	-1.435132	0.000000	0.387092
EVM 640	19	0.217195	0.000000	0.166628
EVM 641	16	-1.091978	0.000000	0.154758
EVM 642	16	-1.418730	0.000000	0.372108
EVM 643	16	-1.036046	0.000000	0.160475
EVM 644	16	-1.252835	0.000000	0.231601
EVM 645	23	0.448019	0.000000	0.155020
EVM 646	16	-1.045461	0.000000	0.158149
EVM 647	17	1.414688	0.000000	0.368433
EVM 648	16	-1.421330	0.000000	0.374475
EVM 649	19	0.277354	0.000000	0.197360
EVM 650	17	0.978794	0.000000	0.184600
EVM 651	16	-0.962446	0.000000	0.194055
EVM 652	16	-1.401320	0.000000	0.356338
EVM 653	22	-0.573094	0.000000	0.189605
EVM 654	16	-1.431111	0.000000	0.383408
EVM 655	17	1.278755	0.000000	0.251524
EVM 656	22	-0.556113	0.000000	0.180267
EVM 657	16	-1.397670	0.000000	0.353051
EVM 658	20	-0.676966	0.000000	0.180968
EVM 659	19	0.297858	0.000000	0.210755
EVM 660	21	0.907976	0.000000	0.205987
EVM 661	17	1.240931	0.000000	0.222865
EVM 662	16	-0.947337	0.000000	0.203573
EVM 663	17	1.031131	0.000000	0.161894
EVM 664	18	-0.061031	0.000000	0.180303
EVM 665	19	0.092578	0.000000	0.166191
EVM 666	16	-2.020326	0.000000	0.952781
EVM 667	19	0.288311	0.000000	0.204371
EVM 668	23	0.596243	0.000000	0.203929
EVM 669	17	1.349967	0.000000	0.310846
EVM 670	16	-1.486216	0.000000	0.434420
EVM 671	17	1.095137	0.000000	0.155032
EVM 672	17	1.011644	0.000000	0.168816
EVM 673	17	1.402159	0.000000	0.357095
EVM 674	16	-1.029768	0.000000	0.162312
EVM 675	19	0.213762	0.000000	0.165363
EVM 676	18	-0.226985	0.000000	0.170564
EVM 677	17	1.049563	0.000000	0.157301
EVM 678	16	-1.062373	0.000000	0.155321
EVM 679	18	-0.215636	0.000000	0.166046
EVM 680	23	0.593084	0.000000	0.201878
EVM 681	16	-1.019680	0.000000	0.165719
EVM 682	17	1.330915	0.000000	0.294459
EVM 683	23	0.599941	0.000000	0.206366
EVM 684	17	1.023384	0.000000	0.164405
EVM 685	18	-0.207457	0.000000	0.163202
EVM 686	19	0.191993	0.000000	0.158840
EVM 687	21	0.639255	0.000000	0.203231
EVM 688	16	-1.017724	0.000000	0.166443
EVM 689	16	-1.064832	0.000000	0.155059
EVM 690	17	1.461086	0.000000	0.411025
EVM 691	17	1.088293	0.000000	0.154519
EVM 692	16	-1.052967	0.000000	0.156675
EVM 693	19	0.219762	0.000000	0.167614
EVM 694	20	-0.675978	0.000000	0.181486
EVM 695	18	-0.197661	0.000000	0.160279
EVM 696	16	-1.315925	0.000000	0.281801
EVM 697	18	-0.047098	0.000000	0.187890
EVM 698	17	1.388342	0.000000	0.344685
EVM 699	19	0.176287	0.000000	0.155862
EVM 700	23	0.531148	0.000000	0.168718
EVM 701	21	0.635471	0.000000	0.205713
EVM 702	20	-0.696972	0.000000	0.171366
EVM 703	16	-1.003726	0.000000	0.172181
EVM 704	16	-1.486034	0.000000	0.434250
EVM 705	16	-1.034951	0.000000	0.160779
EVM 706	22	-0.601535	0.000000	0.207428
EVM 707	17	1.385822	0.000000	0.342434
EVM 708	23	0.609401	0.000000	0.212766
EVM 709	20	-0.639394	0.000000	0.203140
EVM 710	17	1.196628	0.000000	0.193346
EVM 711	19	0.149447	0.000000	0.154380
EVM 712	18	-0.146926	0.000000	0.154480
EVM 713	23	0.337002	0.000000	0.199154
EVM 714	16	-1.073651	0.000000	0.154439
EVM 715	21	0.921769	0.000000	0.215373
EVM 716	17	1.315362	0.000000	0.281331
EVM 717	18	-0.221359	0.000000	0.168244
EVM 718	21	0.759420	0.000000	0.154777
EVM 719	22	-0.531331	0.000000	0.168793
EVM 720	17	1.252161	0.000000	0.231099
EVM 721	17	1.302925	0.000000	0.271017
EVM 722	16	-1.441874	0.000000	0.393284
EVM 723	23	0.601553	0.000000	0.207440
EVM 724	16	-1.053164	0.000000	0.156641
EVM 725	17	1.378572	0.000000	0.335978
EVM 726	16	-1.435929	0.000000	0.387824
EVM 727	21	0.664566	0.000000	0.187744
EVM 728	18	-0.204173	0.000000	0.162162
EVM 729	19	0.213884	0.000000	0.165407
EVM 730	23	0.610286	0.000000	0.213375
EVM 731	18	-0.213841	0.000000	0.165391
EVM 732	16	-1.058248	0.000000	0.155846
EVM 733	18	-0.168323	0.000000	0.154939
EVM 734	17	1.348158	0.000000	0.309276
EVM 735	19	0.185379	0.000000	0.157401
EVM 736	22	-0.593174	0.000000	0.201936
EVM 737	17	1.047729	0.000000	0.157667
EVM 738	17	1.444793	0.000000	0.395971
EVM 739	16	-1.462700	0.000000	0.412522
EVM 740	19	0.186170	0.000000	0.157560
EVM 741	19	0.224418	0.000000	0.169486
EVM 742	17	1.431969	0.000000	0.384194
EVM 743	17	1.428546	0.000000	0.381061
EVM 744	20	-0.649498	0.000000	0.196718
EVM 745	16	-1.461956	0.000000	0.411832
EVM 746	19	0.205987	0.000000	0.162729
EVM 747	20	-0.622120	0.000000	0.214776
EVM 748	16	-1.430279	0.000000	0.382647
EVM 749	16	-1.068976	0.000000	0.154705
EVM 750	22	-0.547980	0.000000	0.176200
EVM 751	18	-0.183311	0.000000	0.157006
EVM 752	20	-0.634269	0.000000	0.206510
EVM 753	18	-0.179307	0.000000	0.156316
EVM 754	18	-0.252360	0.000000	0.182824
EVM 755	23	0.589549	0.000000	0.199617
EVM 756	17	1.146530	0.000000	0.167986
EVM 757	22	-0.343873	0.000000	0.194883
EVM 758	23	0.553418	0.000000	0.178889
EVM 759	17	1.415197	0.000000	0.368896
EVM 760	22	-0.525958	0.000000	0.166687
EVM 761	18	-0.271420	0.000000	0.193716
EVM 762	19	0.243703	0.000000	0.178331
EVM 763	16	-1.471634	0.000000	0.420821
EVM 764	19	0.296168	0.000000	0.209607
EVM 765	19	0.114881	0.000000	0.159260
EVM 766	17	1.317898	0.000000	0.283454
EVM 767	21	0.777785	0.000000	0.154431
EVM 768	17	1.250633	0.000000	0.229963
EVM 769	20	-0.660657	0.000000	0.189999
EVM 770	17	1.343787	0.000000	0.305496
EVM 771	19	0.277609	0.000000	0.197519
EVM 772	17	1.041092	0.000000	0.159163
EVM 773	17	1.356661	0.000000	0.316674
EVM 774	21	0.919045	0.000000	0.213481
EVM 775	16	-1.063822	0.000000	0.155162
EVM 776	17	1.003932	0.000000	0.172089
EVM 777	16	-1.500326	0.000000	0.447638
EVM 778	18	-0.198725	0.000000	0.160570
EVM 779	22	-0.601568	0.000000	0.207450
EVM 780	16	-1.544171	0.000000	0.489030
EVM 781	17	1.444239	0.000000	0.395462
EVM 782	16	-1.054576	0.000000	0.156404
EVM 783	17	1.472578	0.000000	0.421699
EVM 784	16	-1.028570	0.000000	0.162688
EVM 785	19	0.204041	0.000000	0.162121
EVM 786	17	1.306474	0.000000	0.273942
EVM 787	17	1.417637	0.000000	0.371113
EVM 788	17	1.055237	0.000000	0.156297
EVM 789	23	0.592365	0.000000	0.201416
EVM 790	21	0.648698	0.000000	0.197215
EVM 791	18	-0.244844	0.000000	0.178905
EVM 792	16	-1.443948	0.000000	0.395193
EVM 793	18	-0.231515	0.000000	0.172543
EVM 794	17	1.489235	0.000000	0.437243
EVM 795	16	-0.976228	0.000000	0.186021
EVM 796	17	1.071726	0.000000	0.154532
EVM 797	16	-1.468478	0.000000	0.417886
EVM 798	22	-0.562813	0.000000	0.183821
EVM 799	17	1.436408	0.000000	0.388263
EVM 800	16	-1.317964	0.000000	0.283510
EVM 801	20	-0.909068	0.000000	0.206712
EVM 802	16	-1.470372	0.000000	0.419647
EVM 803	17	1.089710	0.000000	0.154601
EVM 804	17	1.048376	0.000000	0.157535
EVM 805	17	1.096465	0.000000	0.155166
EVM 806	23	0.554106	0.000000	0.179238
EVM 807	18	-0.225553	0.000000	0.169959
EVM 808	19	0.216086	0.000000	0.166212
EVM 809	23	0.596996	0.000000	0.204422
EVM 810	16	-1.045388	0.000000	0.158165
EVM 811	17	1.406333	0.000000	0.360863
EVM 812	20	-0.630486	0.000000	0.209044
EVM 813	17	1.038528	0.000000	0.159811
EVM 814	19	0.228378	0.000000	0.171162
EVM 815	16	-1.420325	0.000000	0.373559
EVM 816	18	-0.247601	0.000000	0.180316
EVM 817	18	-0.243669	0.000000	0.178313
EVM 818	19	0.263683	0.000000	0.189139
EVM 819	20	-0.863579	0.000000	0.179680
EVM 820	19	0.054028	0.000000	0.184023
EVM 821	17	1.409292	0.000000	0.363541
EVM 822	19	0.062224	0.000000	0.179689
EVM 823	21	0.804448	0.000000	0.157778
EVM 824	17	1.509248	0.000000	0.456023
EVM 825	17	1.370557	0.000000	0.328878
EVM 826	17	1.511425	0.000000	0.458073
EVM 827	18	-0.143362	0.000000	0.154691
EVM 828	18	-0.199196	0.000000	0.160701
EVM 829	16	-1.059785	0.000000	0.155638
EVM 830	21	0.630968	0.000000	0.208719
EVM 831	17	1.073730	0.000000	0.154436
EVM 832	20	-0.636928	0.000000	0.204752
EVM 833	23	0.589264	0.000000	0.199436
EVM 834	19	0.181763	0.000000	0.156728
EVM 835	16	-1.017488	0.000000	0.166531
EVM 836	18	-0.242636	0.000000	0.177798
EVM 837	16	-1.435323	0.000000	0.387268
EVM 838	17	1.337679	0.000000	0.300240
EVM 839	16	-1.016034	0.000000	0.167084
EVM 840	19	0.224734	0.000000	0.169617
EVM 841	16	-1.012586	0.000000	0.168436
EVM 842	17	1.032882	0.000000	0.161373
EVM 843	21	0.637155	0.000000	0.204604
EVM 844	17	1.021322	0.000000	0.165128
EVM 845	20	-0.668236	0.000000	0.185679
EVM 846	17	1.014411	0.000000	0.167713
EVM 847	18	-0.214045	0.000000	0.165465
EVM 848	22	-0.611143	0.000000	0.213969
EVM 849	16	-1.489851	0.000000	0.437820
EVM 850	19	0.200471	0.000000	0.161062
EVM 851	16	-1.396515	0.000000	0.352013
EVM 852	16	-1.377554	0.000000	0.335074
EVM 853	23	0.365189	0.000000	0.182644
EVM 854	16	-1.495267	0.000000	0.442892
EVM 855	23	0.610981	0.000000	0.213857
EVM 856	16	-1.076760	0.000000	0.154340
EVM 857	17	1.424079	0.000000	0.376981
EVM 858	21	0.624973	0.000000	0.212802
EVM 859	21	0.884204	0.000000	0.191071
EVM 860	21	0.722448	0.000000	0.161918
EVM 861	16	-1.019251	0.000000	0.165877
EVM 862	17	1.407797	0.000000	0.362187
EVM 863	17	1.325492	0.000000	0.289854
EVM 864	16	-1.060645	0.000000	0.155528
EVM 865	16	-1.507313	0.000000	0.454203
EVM 866	17	1.336854	0.000000	0.299533
EVM 867	17	1.341421	0.000000	0.303457
EVM 868	16	-1.408755	0.000000	0.363054
EVM 869	20	-0.641026	0.000000	0.202083
EVM 870	16	-1.317530	0.000000	0.283146
EVM 871	17	1.003489	0.000000	0.172286
EVM 872	17	1.452415	0.000000	0.403002
EVM 873	18	-0.112907	0.000000	0.159760
EVM 874	17	1.343620	0.000000	0.305352
EVM 875	18	-0.029262	0.000000	0.198607
EVM 876	19	0.187031	0.000000	0.157736
EVM 877	17	1.270025	0.000000	0.244688
EVM 878	16	-1.414809	0.000000	0.368543
EVM 879	20	-0.649353	0.000000	0.196808
EVM 880	16	-1.451847	0.000000	0.402477
EVM 881	16	-1.444369	0.000000	0.395581
EVM 882	19	0.217452	0.000000	0.166725
EVM 883	23	0.606393	0.000000	0.210706
EVM 884	23	0.581364	0.000000	0.194527
EVM 885	19	0.176292	0.000000	0.155862
EVM 886	17	1.462270	0.000000	0.412123
EVM 887	19	0.200400	0.000000	0.161042
EVM 888	16	-1.451136	0.000000	0.401821
EVM 889	18	-0.239371	0.000000	0.176199
EVM 890	17	1.353442	0.000000	0.313867
EVM 891	16	-1.451218	0.000000	0.401897
EVM 892	22	-0.595235	0.000000	0.203272
EVM 893	19	0.232053	0.000000	0.172785
EVM 894	19	0.190213	0.000000	0.158427
EVM 895	17	1.056416	0.000000	0.156114
EVM 896	16	-1.020810	0.000000	0.165311
EVM 897	16	-1.471739	0.000000	0.420918
EVM 898	16	-1.025527	0.000000	0.163677
EVM 899	19	0.202913	0.000000	0.161779
EVM 900	16	-1.462527	0.000000	0.412361
EVM 901	21	0.637732	0.000000	0.204225
EVM 902	23	0.614155	0.000000	0.216066
EVM 903	22	-0.602719	0.000000	0.208221
EVM 904	16	-1.376717	0.000000	0.334331
EVM 905	16	-1.704085	0.000000	0.642758
EVM 906	16	-1.063581	0.000000	0.155188
EVM 907	21	0.671502	0.000000	0.183882
EVM 908	17	1.495936	0.000000	0.443520
EVM 909	16	-1.497775	0.000000	0.445245
EVM 910	21	0.675752	0.000000	0.181605
EVM 911	21	0.644415	0.000000	0.199911
EVM 912	17	0.970319	0.000000	0.189385
EVM 913	19	0.179403	0.000000	0.156331
EVM 914	17	1.508887	0.000000	0.455684
EVM 915	17	1.381820	0.000000	0.338866
EVM 916	18	-0.214162	0.000000	0.165507
EVM 917	16	-1.375643	0.000000	0.333378
EVM 918	23	0.536440	0.000000	0.170927
EVM 919	16	-1.013350	0.000000	0.168132
EVM 920	20	-0.657159	0.000000	0.192061
EVM 921	18	-0.109489	0.000000	0.160679
EVM 922	20	-0.722389	0.000000	0.161935
EVM 923	21	0.617842	0.000000	0.217774
EVM 924	18	-0.183666	0.000000	0.157072
EVM 925	21	0.685846	0.000000	0.176491
EVM 926	20	-0.826144	0.000000	0.163688
EVM 927	16	-0.978790	0.000000	0.184602
EVM 928	16	-1.517127	0.000000	0.463446
EVM 929	17	1.331957	0.000000	0.295346
EVM 930	23	0.608951	0.000000	0.212456
EVM 931	16	-1.526416	0.000000	0.472215
EVM 932	19	0.260967	0.000000	0.187581
EVM 933	18	-0.185335	0.000000	0.157393
EVM 934	17	1.468086	0.000000	0.417522
EVM 935	16	-1.437675	0.000000	0.389426
EVM 936	19	0.208414	0.000000	0.163516
EVM 937	17	1.054921	0.000000	0.156348
EVM 938	19	0.224871	0.000000	0.169674
EVM 939	22	-0.614016	0.000000	0.215969
EVM 940	17	1.051710	0.000000	0.156898
EVM 941	22	-0.568892	0.000000	0.187194
EVM 942	17	1.324669	0.000000	0.289157
EVM 943	21	0.628289	0.000000	0.210532
EVM 944	16	-1.483451	0.000000	0.431836
EVM 945	17	1.030270	0.000000	0.162157
EVM 946	19	0.195146	0.000000	0.159617
EVM 947	17	1.453472	0.000000	0.403978
EVM 948	17	1.043142	0.000000	0.158673
EVM 949	16	-1.470278	0.000000	0.419560
EVM 950	17	1.055931	0.000000	0.156188
EVM 951	17	1.449108	0.000000	0.399948
EVM 952	16	-1.436712	0.000000	0.388542
EVM 953	22	-0.600057	0.000000	0.206443
EVM 954	19	0.233668	0.000000	0.173517
EVM 955	23	0.550428	0.000000	0.177395
EVM 956	16	-1.138233	0.000000	0.164883
EVM 957	20	-0.659748	0.000000	0.190530
EVM 958	22	-0.541387	0.000000	0.173113
EVM 959	17	0.980274	0.000000	0.183792
EVM 960	23	0.595462	0.000000	0.203419
EVM 961	17	1.117177	0.000000	0.158690
EVM 962	16	-1.490917	0.000000	0.438818
EVM 963	17	1.537482	0.000000	0.482687
EVM 964	22	-0.590432	0.000000	0.200178
EVM 965	16	-1.028422	0.000000	0.162735
EVM 966	23	0.530821	0.000000	0.168587
EVM 967	17	1.336493	0.000000	0.299224
EVM 968	19	0.230436	0.000000	0.172063
EVM 969	21	0.664946	0.000000	0.187528
EVM 970	16	-0.959554	0.000000	0.195823
EVM 971	17	1.271137	0.000000	0.245552
EVM 972	16	-1.225666	0.000000	0.212114
EVM 973	16	-1.007533	0.000000	0.170525
EVM 974	16	-1.472905	0.000000	0.422003
EVM 975	19	0.110216	0.000000	0.160478
EVM 976	22	-0.584896	0.000000	0.196698
EVM 977	17	2.503193	0.000000	1.431411
EVM 978	20	-0.883397	0.000000	0.190595
EVM 979	16	-1.001473	0.000000	0.173192
EVM 980	16	-1.294446	0.000000	0.264090
EVM 981	17	1.413047	0.000000	0.366944
EVM 982	19	0.166483	0.000000	0.154783
EVM 983	17	1.072281	0.000000	0.154502
EVM 984	17	1.036477	0.000000	0.160357
EVM 985	17	1.007330	0.000000	0.170612
EVM 986	23	0.611085	0.000000	0.213928
