EVM 0	19	0.223244	0.000000	0.169004
EVM 1	19	0.207426	0.000000	0.163192
EVM 2	16	-1.099482	0.000000	0.155513
EVM 3	17	1.482112	0.000000	0.430586
EVM 4	16	-1.084274	0.000000	0.154359
EVM 5	19	0.237309	0.000000	0.175213
EVM 6	17	1.371130	0.000000	0.329384
EVM 7	17	1.471044	0.000000	0.420272
EVM 8	19	0.215282	0.000000	0.165915
EVM 9	17	1.489838	0.000000	0.437807
EVM 10	18	-0.229930	0.000000	0.171840
EVM 11	16	-1.039794	0.000000	0.159487
EVM 12	22	-0.607377	0.000000	0.211377
EVM 13	17	1.531943	0.000000	0.477442
EVM 14	16	-1.099564	0.000000	0.155523
EVM 15	23	0.616995	0.000000	0.218063
EVM 16	16	-1.457658	0.000000	0.407851
EVM 17	17	1.513573	0.000000	0.460096
EVM 18	17	0.984187	0.000000	0.181696
EVM 19	20	-0.680115	0.000000	0.179343
EVM 20	16	-1.144244	0.000000	0.167096
EVM 21	23	0.344651	0.000000	0.194409
EVM 22	16	-1.364087	0.000000	0.323180
EVM 23	16	-1.448322	0.000000	0.399224
EVM 24	18	-0.206545	0.000000	0.162907
EVM 25	20	-0.629602	0.000000	0.209641
EVM 26	16	-1.474910	0.000000	0.423870
EVM 27	19	0.269399	0.000000	0.192500
EVM 28	18	-0.207260	0.000000	0.163138
EVM 29	16	-1.103032	0.000000	0.155995
EVM 30	17	1.078788	0.000000	0.154309
EVM 31	17	1.300401	0.000000	0.268945
EVM 32	17	1.489211	0.000000	0.437221
EVM 33	18	-0.136979	0.000000	0.155273
EVM 34	17	1.462102	0.000000	0.411967
EVM 35	17	0.985505	0.000000	0.181003
EVM 36	17	1.023089	0.000000	0.164507
EVM 37	17	0.964930	0.000000	0.192559
EVM 38	21	0.719137	0.000000	0.162951
EVM 39	19	0.273859	0.000000	0.195200
EVM 40	19	0.283606	0.000000	0.201317
EVM 41	21	0.655913	0.000000	0.192805
EVM 42	16	-1.005255	0.000000	0.171507
EVM 43	16	-0.978891	0.000000	0.184547
EVM 44	17	1.363889	0.000000	0.323006
EVM 45	17	1.416160	0.000000	0.369771
EVM 46	17	1.109567	0.000000	0.157087
EVM 47	16	-1.418835	0.000000	0.372203
EVM 48	17	1.512019	0.000000	0.458632
EVM 49	16	-1.539397	0.000000	0.484501
EVM 50	17	1.511422	0.000000	0.458070
EVM 51	21	0.674768	0.000000	0.182126
EVM 52	16	-1.102503	0.000000	0.155918
EVM 53	19	0.189953	0.000000	0.158368
EVM 54	16	-1.478486	0.000000	0.427203
EVM 55	18	-0.181347	0.000000	0.156655
EVM 56	18	-0.224605	0.000000	0.169564
EVM 57	17	1.069020	0.000000	0.154702
EVM 58	17	1.374775	0.000000	0.332609
EVM 59	19	0.225169	0.000000	0.169798
EVM 60	16	-1.068720	0.000000	0.154724
EVM 61	16	-1.467663	0.000000	0.417129
EVM 62	16	-1.503733	0.000000	0.450838
EVM 63	23	0.602046	0.000000	0.207770
EVM 64	16	-1.041748	0.000000	0.159004
EVM 65	20	-0.648567	0.000000	0.197297
EVM 66	18	-0.202108	0.000000	0.161539
EVM 67	19	0.290276	0.000000	0.205665
EVM 68	20	-0.645160	0.000000	0.199438
EVM 69	17	1.092968	0.000000	0.154837
EVM 70	19	0.204297	0.000000	0.162200
EVM 71	21	0.646521	0.000000	0.198579
EVM 72	16	-1.505809	0.000000	0.452788
EVM 73	16	-1.434231	0.000000	0.386266
EVM 74	17	1.348516	0.000000	0.309587
EVM 75	17	1.095595	0.000000	0.155077
EVM 76	21	0.637541	0.000000	0.204350
EVM 77	22	-0.583628	0.000000	0.195914
EVM 78	16	-1.454324	0.000000	0.404766
EVM 79	18	-0.239200	0.000000	0.176116
EVM 80	17	1.365241	0.000000	0.324194
EVM 81	18	-0.147464	0.000000	0.154455
EVM 82	19	0.193036	0.000000	0.159090
EVM 83	17	1.384301	0.000000	0.341077
EVM 84	20	-0.625087	0.000000	0.212723
EVM 85	17	1.404984	0.000000	0.359645
EVM 86	19	0.179389	0.000000	0.156329
EVM 87	20	-0.737542	0.000000	0.157999
EVM 88	20	-0.902843	0.000000	0.202623
EVM 89	23	0.600314	0.000000	0.206614
EVM 90	22	-0.558491	0.000000	0.181508
EVM 91	23	0.312554	0.000000	0.215445
EVM 92	18	-0.275595	0.000000	0.196268
EVM 93	17	1.520249	0.000000	0.466391
EVM 94	16	-1.697394	0.000000	0.636265
EVM 95	16	-0.958205	0.000000	0.196656
EVM 96	23	0.560308	0.000000	0.182471
EVM 97	17	1.320377	0.000000	0.285536
EVM 98	21	0.647153	0.000000	0.198181
EVM 99	21	0.645094	0.000000	0.199480
EVM 100	17	1.062691	0.000000	0.155285
EVM 101	20	-0.661666	0.000000	0.189412
EVM 102	17	1.477312	0.000000	0.426108
EVM 103	18	-0.262264	0.000000	0.188322
EVM 104	17	1.562718	0.000000	0.506663
EVM 105	16	-1.470944	0.000000	0.420179
EVM 106	19	0.219466	0.000000	0.167499
EVM 107	22	-0.607151	0.000000	0.211223
EVM 108	22	-0.604889	0.000000	0.209684
EVM 109	16	-1.489459	0.000000	0.437453
EVM 110	17	1.374077	0.000000	0.331991
EVM 111	16	-1.489993	0.000000	0.437953
EVM 112	18	-0.213877	0.000000	0.165404
EVM 113	16	-1.486517	0.000000	0.434702
EVM 114	19	0.199648	0.000000	0.160828
EVM 115	17	1.067705	0.000000	0.154802
EVM 116	22	-0.607976	0.000000	0.211787
EVM 117	23	0.592413	0.000000	0.201446
EVM 118	16	-1.484877	0.000000	0.433169
EVM 119	19	0.233119	0.000000	0.173267
EVM 120	21	0.664679	0.000000	0.187680
EVM 121	18	-0.188696	0.000000	0.158090
EVM 122	19	0.193690	0.000000	0.159251
EVM 123	16	-1.541403	0.000000	0.486404
EVM 124	16	-1.285508	0.000000	0.256890
EVM 125	18	-0.252907	0.000000	0.183118
EVM 126	18	-0.297323	0.000000	0.210391
EVM 127	16	-1.631778	0.000000	0.572828
EVM 128	18	-0.154520	0.000000	0.154304
EVM 129	20	-0.663984	0.000000	0.188077
EVM 130	17	1.023818	0.000000	0.164255
EVM 131	19	0.207482	0.000000	0.163210
EVM 132	21	0.714977	0.000000	0.164336
EVM 133	17	1.065660	0.000000	0.154980
EVM 134	17	1.504949	0.000000	0.451981
EVM 135	17	1.444003	0.000000	0.395244
EVM 136	21	0.677878	0.000000	0.180493
EVM 137	16	-0.930010	0.000000	0.215275
EVM 138	21	0.670228	0.000000	0.184578
EVM 139	19	0.288765	0.000000	0.204669
EVM 140	22	-0.484461	0.000000	0.155801
EVM 141	16	-1.440856	0.000000	0.392349
EVM 142	16	-1.086565	0.000000	0.154438
EVM 143	18	-0.219597	0.000000	0.167549
EVM 144	16	-1.588372	0.000000	0.531155
EVM 145	18	-0.208032	0.000000	0.163390
EVM 146	21	0.823938	0.000000	0.162965
EVM 147	17	1.069942	0.000000	0.154639
EVM 148	22	-0.575239	0.000000	0.190859
EVM 149	17	1.329724	0.000000	0.293445
EVM 150	17	1.016485	0.000000	0.166911
EVM 151	18	-0.180139	0.000000	0.156451
EVM 152	23	0.594706	0.000000	0.202928
EVM 153	19	0.252471	0.000000	0.182884
EVM 154	17	1.529247	0.000000	0.474891
EVM 155	16	-1.127489	0.000000	0.161409
EVM 156	20	-0.699627	0.000000	0.170228
EVM 157	20	-0.646122	0.000000	0.198830
EVM 158	18	-0.206740	0.000000	0.162970
EVM 159	21	0.627609	0.000000	0.210995
EVM 160	21	0.639447	0.000000	0.203106
EVM 161	17	1.012726	0.000000	0.168380
EVM 162	17	1.370929	0.000000	0.329207
EVM 163	17	1.478746	0.000000	0.427445
EVM 164	16	-1.049485	0.000000	0.157316
EVM 165	17	1.077028	0.000000	0.154334
EVM 166	18	-0.191555	0.000000	0.158736
EVM 167	21	0.648103	0.000000	0.197587
EVM 168	21	0.627212	0.000000	0.211266
EVM 169	17	1.036813	0.000000	0.160266
EVM 170	18	-0.215264	0.000000	0.165909
EVM 171	19	0.197885	0.000000	0.160340
EVM 172	17	1.462577	0.000000	0.412408
EVM 173	19	0.184541	0.000000	0.157238
EVM 174	17	1.453283	0.000000	0.403804
EVM 175	16	-1.103836	0.000000	0.156115
EVM 176	16	-1.460886	0.000000	0.410840
EVM 177	17	1.410438	0.000000	0.364578
EVM 178	17	1.054338	0.000000	0.156443
EVM 179	17	1.522442	0.000000	0.468461
EVM 180	17	1.021124	0.000000	0.165198
EVM 181	21	0.641587	0.000000	0.201721
EVM 182	21	0.691420	0.000000	0.173853
EVM 183	18	-0.246770	0.000000	0.179888
EVM 184	23	0.609949	0.000000	0.213143
EVM 185	21	0.631588	0.000000	0.208301
EVM 186	20	-0.667771	0.000000	0.185937
EVM 187	17	1.364549	0.000000	0.323585
EVM 188	16	-1.521337	0.000000	0.467418
EVM 189	16	-1.543591	0.000000	0.488479
EVM 190	20	-0.626644	0.000000	0.211654
EVM 191	17	1.537663	0.000000	0.482858
EVM 192	16	-1.053182	0.000000	0.156638
EVM 193	17	1.495230	0.000000	0.442857
EVM 194	19	0.134235	0.000000	0.155603
EVM 195	16	-1.157919	0.000000	0.172805
EVM 196	23	0.339863	0.000000	0.197358
EVM 197	17	0.932441	0.000000	0.213587
EVM 198	20	-0.822180	0.000000	0.162408
EVM 199	16	-0.991315	0.000000	0.178035
EVM 200	17	1.017874	0.000000	0.166386
EVM 201	17	1.349654	0.000000	0.310574
EVM 202	20	-0.646019	0.000000	0.198895
EVM 203	17	1.497005	0.000000	0.444522
EVM 204	21	0.689377	0.000000	0.174804
EVM 205	16	-1.461999	0.000000	0.411872
EVM 206	17	1.447860	0.000000	0.398798
EVM 207	16	-1.567761	0.000000	0.511469
EVM 208	20	-0.674683	0.000000	0.182171
EVM 209	16	-1.035106	0.000000	0.160736
EVM 210	19	0.238614	0.000000	0.175835
EVM 211	17	1.480897	0.000000	0.429452
EVM 212	16	-1.050549	0.000000	0.157112
EVM 213	16	-1.077444	0.000000	0.154327
EVM 214	17	1.386182	0.000000	0.342756
EVM 215	21	0.633041	0.000000	0.207328
EVM 216	18	-0.225444	0.000000	0.169913
EVM 217	16	-1.080481	0.000000	0.154304
EVM 218	16	-1.068856	0.000000	0.154714
EVM 219	16	-1.102600	0.000000	0.155932
EVM 220	17	1.037075	0.000000	0.160196
EVM 221	17	1.493712	0.000000	0.441436
EVM 222	19	0.235870	0.000000	0.174535
EVM 223	19	0.205537	0.000000	0.162587
EVM 224	17	1.525448	0.000000	0.471300
EVM 225	19	0.196709	0.000000	0.160024
EVM 226	21	0.687541	0.000000	0.175674
EVM 227	22	-0.339628	0.000000	0.197505
EVM 228	16	-1.349983	0.000000	0.310860
EVM 229	21	0.622913	0.000000	0.214226
EVM 230	16	-1.532687	0.000000	0.478146
EVM 231	17	1.087063	0.000000	0.154459
EVM 232	21	0.617555	0.000000	0.217977
EVM 233	17	1.037192	0.000000	0.160164
EVM 234	22	-0.572332	0.000000	0.189163
EVM 235	23	0.611127	0.000000	0.213957
EVM 236	20	-0.665232	0.000000	0.187366
EVM 237	19	0.194558	0.000000	0.159468
EVM 238	17	0.998785	0.000000	0.174429
EVM 239	17	1.317224	0.000000	0.282889
EVM 240	16	-1.455354	0.000000	0.405719
EVM 241	22	-0.602005	0.000000	0.207742
EVM 242	23	0.576334	0.000000	0.191506
EVM 243	22	-0.477116	0.000000	0.154956
EVM 244	23	0.361333	0.000000	0.184736
EVM 245	23	0.506381	0.000000	0.160310
EVM 246	17	1.577706	0.000000	0.520959
EVM 247	21	0.776852	0.000000	0.154396
EVM 248	17	1.481193	0.000000	0.429728
EVM 249	19	0.293107	0.000000	0.207548
EVM 250	21	0.761658	0.000000	0.154618
EVM 251	16	-1.114836	0.000000	0.158160
EVM 252	16	-0.946647	0.000000	0.204023
EVM 253	17	1.211047	0.000000	0.202362
EVM 254	17	1.512614	0.000000	0.459193
EVM 255	16	-1.500906	0.000000	0.448182
EVM 256	17	1.497619	0.000000	0.445097
EVM 257	16	-1.506582	0.000000	0.453516
EVM 258	17	1.063788	0.000000	0.155166
EVM 259	21	0.633049	0.000000	0.207323
EVM 260	21	0.700085	0.000000	0.170036
EVM 261	18	-0.179051	0.000000	0.156275
EVM 262	19	0.139860	0.000000	0.154978
EVM 263	16	-1.032074	0.000000	0.161611
EVM 264	18	-0.176527	0.000000	0.155896
EVM 265	17	1.028942	0.000000	0.162570
EVM 266	17	1.397135	0.000000	0.352570
EVM 267	19	0.168879	0.000000	0.154990
EVM 268	19	0.182619	0.000000	0.156880
EVM 269	20	-0.652098	0.000000	0.195117
EVM 270	23	0.602049	0.000000	0.207772
EVM 271	17	1.457133	0.000000	0.407364
EVM 272	16	-1.445139	0.000000	0.396290
EVM 273	21	0.672194	0.000000	0.183506
EVM 274	18	-0.183344	0.000000	0.157012
EVM 275	20	-0.684876	0.000000	0.176964
EVM 276	16	-1.483353	0.000000	0.431745
EVM 277	18	-0.246231	0.000000	0.179611
EVM 278	21	0.674680	0.000000	0.182173
EVM 279	17	1.095530	0.000000	0.155071
EVM 280	16	-1.483720	0.000000	0.432087
EVM 281	16	-1.208265	0.000000	0.200574
EVM 282	18	-0.163553	0.000000	0.154580
EVM 283	19	0.106649	0.000000	0.161495
EVM 284	18	-0.224825	0.000000	0.169655
EVM 285	16	-1.507024	0.000000	0.453931
EVM 286	16	-1.506727	0.000000	0.453652
EVM 287	19	0.195408	0.000000	0.159684
EVM 288	16	-1.100620	0.000000	0.155659
EVM 289	17	1.012388	0.000000	0.168516
EVM 290	19	0.228278	0.000000	0.171119
EVM 291	17	1.387136	0.000000	0.343608
EVM 292	18	-0.246564	0.000000	0.179782
EVM 293	16	-1.573582	0.000000	0.517022
EVM 294	23	0.535624	0.000000	0.170578
EVM 295	16	-1.434975	0.000000	0.386949
EVM 296	17	1.155593	0.000000	0.171771
EVM 297	20	-0.662769	0.000000	0.188774
EVM 298	20	-0.696828	0.000000	0.171429
EVM 299	17	1.694875	0.000000	0.633821
EVM 300	20	-0.851631	0.000000	0.173862
EVM 301	17	1.304378	0.000000	0.272213
EVM 302	16	-2.175587	0.000000	1.106278
EVM 303	17	1.535001	0.000000	0.480336
EVM 304	16	-1.515573	0.000000	0.461981
EVM 305	17	1.232041	0.000000	0.216537
EVM 306	17	1.432301	0.000000	0.384498
EVM 307	18	-0.232457	0.000000	0.172967
EVM 308	21	0.670073	0.000000	0.184663
EVM 309	19	0.261531	0.000000	0.187903
EVM 310	17	1.112927	0.000000	0.157752
EVM 311	17	1.375925	0.000000	0.333629
EVM 312	16	-1.090285	0.000000	0.154638
EVM 313	23	0.604507	0.000000	0.209426
EVM 314	16	-1.453590	0.000000	0.404088
EVM 315	16	-1.486411	0.000000	0.434602
EVM 316	18	-0.230680	0.000000	0.172171
EVM 317	18	-0.185089	0.000000	0.157344
EVM 318	17	1.398812	0.000000	0.354079
EVM 319	18	-0.220388	0.000000	0.167859
EVM 320	23	0.611244	0.000000	0.214039
EVM 321	18	-0.223945	0.000000	0.169291
EVM 322	20	-0.648124	0.000000	0.197574
EVM 323	19	0.227185	0.000000	0.170649
EVM 324	16	-1.039813	0.000000	0.159482
EVM 325	16	-1.045432	0.000000	0.158155
EVM 326	21	0.669526	0.000000	0.184964
EVM 327	19	0.250322	0.000000	0.181739
EVM 328	23	0.593727	0.000000	0.202293
EVM 329	17	1.076897	0.000000	0.154337
EVM 330	17	1.043861	0.000000	0.158507
EVM 331	18	-0.192821	0.000000	0.159038
EVM 332	16	-1.516584	0.000000	0.462933
EVM 333	19	0.174251	0.000000	0.155587
EVM 334	20	-0.710751	0.000000	0.165837
EVM 335	18	-0.183922	0.000000	0.157120
EVM 336	16	-1.156188	0.000000	0.172033
EVM 337	19	0.201600	0.000000	0.161389
EVM 338	18	-0.222635	0.000000	0.168757
EVM 339	17	1.438620	0.000000	0.390294
EVM 340	18	-0.278299	0.000000	0.197950
EVM 341	19	0.216686	0.000000	0.166437
EVM 342	21	0.749951	0.000000	0.155803
EVM 343	17	1.386738	0.000000	0.343252
EVM 344	22	-0.410718	0.000000	0.162891
EVM 345	22	-0.549558	0.000000	0.176967
EVM 346	17	1.507381	0.000000	0.454267
EVM 347	17	1.147240	0.000000	0.168268
EVM 348	16	-1.582319	0.000000	0.525367
EVM 349	21	0.631906	0.000000	0.208088
EVM 350	17	1.083583	0.000000	0.154342
EVM 351	17	1.746285	0.000000	0.683798
EVM 352	16	-1.655776	0.000000	0.595974
EVM 353	21	0.762751	0.000000	0.154552
EVM 354	17	1.427580	0.000000	0.380179
EVM 355	23	0.322982	0.000000	0.208301
EVM 356	16	-1.153863	0.000000	0.171018
EVM 357	17	1.571197	0.000000	0.514745
EVM 358	19	0.268563	0.000000	0.192002
EVM 359	16	-1.545699	0.000000	0.490479
EVM 360	18	-0.211196	0.000000	0.164458
EVM 361	19	0.122965	0.000000	0.157453
EVM 362	19	0.139803	0.000000	0.154983
EVM 363	22	-0.592133	0.000000	0.201266
EVM 364	22	-0.599942	0.000000	0.206367
EVM 365	18	-0.238958	0.000000	0.176000
EVM 366	16	-1.450340	0.000000	0.401086
EVM 367	17	1.087140	0.000000	0.154463
EVM 368	17	1.437712	0.000000	0.389460
EVM 369	21	0.645076	0.000000	0.199491
EVM 370	17	1.384603	0.000000	0.341346
EVM 371	16	-1.040898	0.000000	0.159211
EVM 372	19	0.221329	0.000000	0.168232
EVM 373	17	1.050174	0.000000	0.157183
EVM 374	21	0.635869	0.000000	0.205450
EVM 375	20	-0.656596	0.000000	0.192396
EVM 376	17	1.458790	0.000000	0.408898
EVM 377	16	-1.066596	0.000000	0.154895
EVM 378	21	0.646145	0.000000	0.198816
EVM 379	18	-0.253423	0.000000	0.183396
EVM 380	20	-0.620459	0.000000	0.215935
EVM 381	18	-0.214320	0.000000	0.165564
EVM 382	16	-1.048269	0.000000	0.157557
EVM 383	16	-1.049169	0.000000	0.157378
EVM 384	16	-1.313871	0.000000	0.280085
EVM 385	23	0.445962	0.000000	0.155231
EVM 386	17	0.968536	0.000000	0.190424
EVM 387	20	-0.700693	0.000000	0.169781
EVM 388	18	-0.180339	0.000000	0.156484
EVM 389	19	0.246157	0.000000	0.179573
EVM 390	16	-1.435364	0.000000	0.387305
EVM 391	16	-1.036882	0.000000	0.160248
EVM 392	18	-0.241963	0.000000	0.177465
EVM 393	17	1.015565	0.000000	0.167264
EVM 394	21	0.698859	0.000000	0.170554
EVM 395	17	1.373980	0.000000	0.331905
EVM 396	16	-1.334307	0.000000	0.297353
EVM 397	20	-0.660623	0.000000	0.190018
EVM 398	18	-0.107499	0.000000	0.161246
EVM 399	17	1.112910	0.000000	0.157748
EVM 400	22	-0.612446	0.000000	0.214873
EVM 401	17	1.418114	0.000000	0.371547
EVM 402	18	-0.066671	0.000000	0.177451
EVM 403	17	1.207553	0.000000	0.200119
EVM 404	20	-0.693909	0.000000	0.172721
EVM 405	20	-0.619461	0.000000	0.216635
EVM 406	21	0.699434	0.000000	0.170310
EVM 407	23	0.604353	0.000000	0.209322
EVM 408	19	0.247495	0.000000	0.180262
EVM 409	17	1.463157	0.000000	0.412946
EVM 410	19	0.210594	0.000000	0.164250
EVM 411	18	-0.254944	0.000000	0.184223
EVM 412	19	0.197325	0.000000	0.160189
EVM 413	18	-0.160254	0.000000	0.154418
EVM 414	16	-1.029098	0.000000	0.162521
EVM 415	20	-0.650748	0.000000	0.195945
EVM 416	16	-1.472932	0.000000	0.422029
EVM 417	21	0.671579	0.000000	0.183840
EVM 418	17	1.073788	0.000000	0.154433
EVM 419	21	0.658575	0.000000	0.191221
EVM 420	19	0.210863	0.000000	0.164343
EVM 421	17	1.060980	0.000000	0.155486
EVM 422	17	1.378237	0.000000	0.335680
EVM 423	20	-0.628935	0.000000	0.210093
EVM 424	17	1.442243	0.000000	0.393624
EVM 425	19	0.235630	0.000000	0.174423
EVM 426	19	0.207349	0.000000	0.163167
EVM 427	17	1.083724	0.000000	0.154345
EVM 428	18	-0.190531	0.000000	0.158499
EVM 429	20	-0.626598	0.000000	0.211686
EVM 430	19	0.232681	0.000000	0.173068
EVM 431	19	0.220531	0.000000	0.167915
EVM 432	17	1.073457	0.000000	0.154447
EVM 433	16	-1.473160	0.000000	0.422241
EVM 434	18	-0.220803	0.000000	0.168023
EVM 435	19	0.276794	0.000000	0.197011
EVM 436	16	-1.373337	0.000000	0.331336
EVM 437	16	-0.983587	0.000000	0.182013
EVM 438	18	-0.127690	0.000000	0.156582
EVM 439	17	1.016952	0.000000	0.166734
EVM 440	18	-0.190534	0.000000	0.158500
EVM 441	17	1.502691	0.000000	0.449859
EVM 442	19	0.283069	0.000000	0.200973
EVM 443	22	-0.600982	0.000000	0.207059
EVM 444	19	0.231713	0.000000	0.172632
EVM 445	20	-0.694415	0.000000	0.172494
EVM 446	21	0.619907	0.000000	0.216322
EVM 447	17	1.297712	0.000000	0.266748
EVM 448	17	1.487150	0.000000	0.435293
EVM 449	18	-0.198045	0.000000	0.160383
EVM 450	23	0.588232	0.000000	0.198784
EVM 451	18	-0.172246	0.000000	0.155343
EVM 452	16	-1.127481	0.000000	0.161407
EVM 453	16	-0.961169	0.000000	0.194832
EVM 454	18	-0.102214	0.000000	0.162858
EVM 455	16	-1.612003	0.000000	0.553810
EVM 456	21	0.656742	0.000000	0.192309
EVM 457	17	1.142219	0.000000	0.166329
EVM 458	23	0.325750	0.000000	0.206452
EVM 459	17	1.610952	0.000000	0.552801
EVM 460	21	0.706655	0.000000	0.167381
EVM 461	17	1.375967	0.000000	0.333666
EVM 462	17	1.561388	0.000000	0.505396
EVM 463	17	1.530934	0.000000	0.476487
EVM 464	17	1.502336	0.000000	0.449525
EVM 465	19	0.271893	0.000000	0.194002
EVM 466	19	0.192266	0.000000	0.158905
EVM 467	17	1.511698	0.000000	0.458330
EVM 468	17	1.031979	0.000000	0.161640
EVM 469	19	0.166827	0.000000	0.154811
EVM 470	16	-1.096166	0.000000	0.155135
EVM 471	19	0.217264	0.000000	0.166654
EVM 472	21	0.668916	0.000000	0.185301
EVM 473	16	-1.495883	0.000000	0.443470
EVM 474	17	1.376251	0.000000	0.333918
EVM 475	16	-1.501238	0.000000	0.448494
EVM 476	16	-1.084530	0.000000	0.154366
EVM 477	20	-0.642469	0.000000	0.201154
EVM 478	20	-0.625578	0.000000	0.212386
EVM 479	18	-0.257213	0.000000	0.185472
EVM 480	19	0.178895	0.000000	0.156251
EVM 481	22	-0.603554	0.000000	0.208783
EVM 482	17	1.496819	0.000000	0.444348
EVM 483	22	-0.610853	0.000000	0.213768
EVM 484	23	0.543302	0.000000	0.173990
EVM 485	18	-0.127561	0.000000	0.156604
EVM 486	16	-1.072487	0.000000	0.154492
EVM 487	16	-1.409710	0.000000	0.363919
EVM 488	16	-1.462934	0.000000	0.412739
EVM 489	20	-0.730176	0.000000	0.159745
EVM 490	16	-1.072137	0.000000	0.154510
EVM 491	18	-0.169971	0.000000	0.155097
EVM 492	16	-1.461575	0.000000	0.411479
EVM 493	17	1.456737	0.000000	0.406998
EVM 494	22	-0.615431	0.000000	0.216961
EVM 495	19	0.116109	0.000000	0.158960
EVM 496	21	0.622884	0.000000	0.214246
EVM 497	16	-1.089771	0.000000	0.154605
EVM 498	20	-0.707297	0.000000	0.167134
EVM 499	17	1.339359	0.000000	0.301683
EVM 500	23	0.533416	0.000000	0.169648
EVM 501	18	-0.217371	0.000000	0.166695
EVM 502	23	0.608518	0.000000	0.212158
EVM 503	17	0.956599	0.000000	0.197656
EVM 504	21	0.683864	0.000000	0.177461
EVM 505	17	0.980850	0.000000	0.183479
EVM 506	17	1.508049	0.000000	0.454896
EVM 507	22	-0.446181	0.000000	0.155208
EVM 508	17	1.154817	0.000000	0.171431
EVM 509	17	1.046741	0.000000	0.157873
EVM 510	16	-1.576074	0.000000	0.519400
EVM 511	17	1.352281	0.000000	0.312857
EVM 512	16	-1.171063	0.000000	0.179108
EVM 513	18	-0.242251	0.000000	0.177607
EVM 514	19	0.197895	0.000000	0.160343
EVM 515	16	-1.033051	0.000000	0.161324
EVM 516	16	-1.096156	0.000000	0.155134
EVM 517	19	0.243548	0.000000	0.178253
EVM 518	18	-0.189796	0.000000	0.158333
EVM 519	17	1.402535	0.000000	0.357434
EVM 520	17	1.488022	0.000000	0.436109
EVM 521	18	-0.218105	0.000000	0.166973
EVM 522	16	-1.040821	0.000000	0.159230
EVM 523	20	-0.650882	0.000000	0.195863
EVM 524	17	1.485263	0.000000	0.433530
EVM 525	16	-1.495408	0.000000	0.443025
EVM 526	17	1.389461	0.000000	0.345687
EVM 527	20	-0.628925	0.000000	0.210100
EVM 528	18	-0.192104	0.000000	0.158866
EVM 529	17	1.066648	0.000000	0.154891
EVM 530	20	-0.683250	0.000000	0.177766
EVM 531	16	-1.106207	0.000000	0.156492
EVM 532	17	1.494303	0.000000	0.441989
EVM 533	23	0.614972	0.000000	0.216639
EVM 534	16	-1.079213	0.000000	0.154306
EVM 535	18	-0.202217	0.000000	0.161571
EVM 536	20	-0.676514	0.000000	0.181204
EVM 537	22	-0.613817	0.000000	0.215830
EVM 538	17	1.111049	0.000000	0.157372
EVM 539	16	-1.048263	0.000000	0.157558
EVM 540	16	-1.332986	0.000000	0.296225
EVM 541	22	-0.394005	0.000000	0.168989
EVM 542	18	-0.058976	0.000000	0.181375
EVM 543	16	-1.522091	0.000000	0.468129
EVM 544	18	-0.085818	0.000000	0.168819
EVM 545	23	0.592971	0.000000	0.201805
EVM 546	19	0.246837	0.000000	0.179922
EVM 547	17	1.562727	0.000000	0.506671
EVM 548	22	-0.552056	0.000000	0.178204
EVM 549	18	-0.254282	0.000000	0.183862
EVM 550	17	1.066920	0.000000	0.154867
EVM 551	17	1.342831	0.000000	0.304672
EVM 552	17	1.443981	0.000000	0.395224
EVM 553	17	1.675858	0.000000	0.615394
EVM 554	22	-0.607777	0.000000	0.211651
EVM 555	22	-0.327298	0.000000	0.205427
EVM 556	20	-0.665434	0.000000	0.187252
EVM 557	17	1.205960	0.000000	0.199109
EVM 558	21	0.691640	0.000000	0.173752
EVM 559	20	-0.691404	0.000000	0.173861
EVM 560	16	-1.047532	0.000000	0.157708
EVM 561	17	1.399089	0.000000	0.354328
EVM 562	17	1.436952	0.000000	0.388762
EVM 563	22	-0.410676	0.000000	0.162905
EVM 564	16	-1.500458	0.000000	0.447762
EVM 565	17	1.453219	0.000000	0.403745
EVM 566	19	0.253550	0.000000	0.183465
EVM 567	19	0.215097	0.000000	0.165847
EVM 568	22	-0.592434	0.000000	0.201460
EVM 569	17	0.986173	0.000000	0.180655
EVM 570	18	-0.177463	0.000000	0.156032
EVM 571	16	-1.080422	0.000000	0.154304
EVM 572	20	-0.623752	0.000000	0.213645
EVM 573	16	-1.434085	0.000000	0.386133
EVM 574	16	-1.079074	0.000000	0.154307
EVM 575	18	-0.200239	0.000000	0.160996
EVM 576	21	0.630874	0.000000	0.208782
EVM 577	22	-0.612645	0.000000	0.215012
EVM 578	17	1.345778	0.000000	0.307216
EVM 579	17	1.501984	0.000000	0.449195
EVM 580	16	-1.476888	0.000000	0.425713
EVM 581	20	-0.643561	0.000000	0.200455
EVM 582	16	-1.491183	0.000000	0.439067
EVM 583	19	0.173194	0.000000	0.155455
EVM 584	17	1.070526	0.000000	0.154602
EVM 585	18	-0.207187	0.000000	0.163114
EVM 586	16	-1.022872	0.000000	0.164582
EVM 587	21	0.650582	0.000000	0.196048
EVM 588	19	0.209673	0.000000	0.163937
EVM 589	16	-1.098702	0.000000	0.155418
EVM 590	16	-1.450864	0.000000	0.401570
EVM 591	19	0.251072	0.000000	0.182137
EVM 592	16	-1.494149	0.000000	0.441845
EVM 593	20	-0.691099	0.000000	0.174001
EVM 594	16	-1.425318	0.000000	0.378112
EVM 595	23	0.540872	0.000000	0.172880
EVM 596	17	1.480068	0.000000	0.428678
EVM 597	16	-1.008070	0.000000	0.170298
EVM 598	20	-0.696254	0.000000	0.171680
EVM 599	16	-1.036492	0.000000	0.160353
EVM 600	19	0.239522	0.000000	0.176272
EVM 601	19	0.206424	0.000000	0.162868
EVM 602	19	0.279774	0.000000	0.198878
EVM 603	17	1.380418	0.000000	0.337618
EVM 604	16	-0.999527	0.000000	0.174084
EVM 605	16	-1.161788	0.000000	0.174581
EVM 606	19	0.147584	0.000000	0.154450
EVM 607	18	-0.226386	0.000000	0.170310
EVM 608	20	-0.642225	0.000000	0.201311
EVM 609	18	-0.134622	0.000000	0.155554
EVM 610	23	0.341600	0.000000	0.196280
EVM 611	17	1.155916	0.000000	0.171913
EVM 612	22	-0.573608	0.000000	0.189904
EVM 613	16	-1.659110	0.000000	0.599195
EVM 614	21	0.659961	0.000000	0.190405
EVM 615	16	-1.043826	0.000000	0.158515
EVM 616	19	0.226396	0.000000	0.170314
EVM 617	17	1.353719	0.000000	0.314108
EVM 618	23	0.310182	0.000000	0.217107
EVM 619	19	0.187014	0.000000	0.157732
EVM 620	16	-1.097575	0.000000	0.155287
EVM 621	17	1.096529	0.000000	0.155173
EVM 622	16	-1.416321	0.000000	0.369917
EVM 623	22	-0.580385	0.000000	0.193932
EVM 624	16	-1.468536	0.000000	0.417940
EVM 625	16	-1.464338	0.000000	0.414041
EVM 626	21	0.684714	0.000000	0.177043
EVM 627	23	0.600590	0.000000	0.206798
EVM 628	17	1.042264	0.000000	0.158880
EVM 629	19	0.216787	0.000000	0.166474
EVM 630	17	1.379445	0.000000	0.336753
EVM 631	17	1.096294	0.000000	0.155148
EVM 632	16	-1.023092	0.000000	0.164506
EVM 633	20	-0.624223	0.000000	0.213319
EVM 634	20	-0.682557	0.000000	0.178110
EVM 635	18	-0.205429	0.000000	0.162553
EVM 636	18	-0.179160	0.000000	0.156293
EVM 637	17	1.477988	0.000000	0.426739
EVM 638	17	1.063679	0.000000	0.155177
EVM 639	17	1.076363	0.000000	0.154349
EVM 640	20	-0.622068	0.000000	0.214813
EVM 641	18	-0.249270	0.000000	0.181185
EVM 642	17	1.511715	0.000000	0.458345
EVM 643	17	1.068425	0.000000	0.154746
EVM 644	16	-1.298162	0.000000	0.267114
EVM 645	22	-0.388081	0.000000	0.171490
EVM 646	16	-1.483267	0.000000	0.431665
EVM 647	16	-1.510079	0.000000	0.456806
EVM 648	18	-0.153919	0.000000	0.154304
EVM 649	17	1.530576	0.000000	0.476148
EVM 650	20	-0.679004	0.000000	0.179911
EVM 651	17	1.115069	0.000000	0.158211
EVM 652	17	1.095692	0.000000	0.155087
EVM 653	17	1.526081	0.000000	0.471898
EVM 654	19	0.250404	0.000000	0.181782
EVM 655	17	1.314046	0.000000	0.280231
EVM 656	21	0.707043	0.000000	0.167232
EVM 657	17	1.106407	0.000000	0.156526
EVM 658	20	-0.681592	0.000000	0.178594
EVM 659	22	-0.563256	0.000000	0.184062
EVM 660	21	0.900159	0.000000	0.200894
EVM 661	23	0.410191	0.000000	0.163061
EVM 662	19	0.111307	0.000000	0.160182
EVM 663	19	0.237891	0.000000	0.175489
EVM 664	19	0.046194	0.000000	0.188407
EVM 665	17	1.170763	0.000000	0.178956
EVM 666	17	1.207766	0.000000	0.200255
EVM 667	19	0.105571	0.000000	0.161816
EVM 668	17	1.512904	0.000000	0.459465
EVM 669	17	1.380389	0.000000	0.337593
EVM 670	22	-0.603332	0.000000	0.208633
EVM 671	16	-1.553656	0.000000	0.498039
EVM 672	16	-1.471995	0.000000	0.421156
EVM 673	17	1.098892	0.000000	0.155441
EVM 674	19	0.209542	0.000000	0.163893
EVM 675	17	1.467709	0.000000	0.417172
EVM 676	18	-0.200544	0.000000	0.161083
EVM 677	18	-0.217227	0.000000	0.166640
EVM 678	18	-0.176491	0.000000	0.155890
EVM 679	17	1.485656	0.000000	0.433896
EVM 680	17	1.007636	0.000000	0.170482
EVM 681	17	1.493295	0.000000	0.441045
EVM 682	17	1.355659	0.000000	0.315799
EVM 683	18	-0.236713	0.000000	0.174931
EVM 684	17	1.450812	0.000000	0.401522
EVM 685	19	0.217410	0.000000	0.166709
EVM 686	16	-1.075915	0.000000	0.154361
EVM 687	19	0.233710	0.000000	0.173537
EVM 688	17	1.081919	0.000000	0.154314
EVM 689	20	-0.659862	0.000000	0.190464
EVM 690	17	1.483527	0.000000	0.431908
EVM 691	16	-1.024541	0.000000	0.164009
EVM 692	17	1.049005	0.000000	0.157410
EVM 693	16	-1.054681	0.000000	0.156387
EVM 694	20	-0.679380	0.000000	0.179718
EVM 695	18	-0.209010	0.000000	0.163714
EVM 696	16	-1.336511	0.000000	0.299240
EVM 697	16	-1.306275	0.000000	0.273778
EVM 698	23	0.563496	0.000000	0.184193
EVM 699	17	1.467173	0.000000	0.416674
EVM 700	16	-1.553612	0.000000	0.497997
EVM 701	16	-1.023644	0.000000	0.164315
EVM 702	17	1.429540	0.000000	0.381971
EVM 703	16	-1.441805	0.000000	0.393222
EVM 704	16	-1.110723	0.000000	0.157308
EVM 705	16	-1.060215	0.000000	0.155582
EVM 706	17	1.544973	0.000000	0.489791
EVM 707	17	1.404018	0.000000	0.358772
EVM 708	18	-0.234630	0.000000	0.173960
EVM 709	19	0.209257	0.000000	0.163797
EVM 710	17	1.200387	0.000000	0.195634
EVM 711	17	1.442948	0.000000	0.394273
EVM 712	21	0.769145	0.000000	0.154322
EVM 713	16	-1.192376	0.000000	0.190815
EVM 714	16	-1.011746	0.000000	0.168775
EVM 715	22	-0.511503	0.000000	0.161774
EVM 716	18	-0.078205	0.000000	0.172048
EVM 717	16	-2.325454	0.000000	1.254854
EVM 718	16	-1.205909	0.000000	0.199077
EVM 719	20	-0.707908	0.000000	0.166900
EVM 720	17	1.694251	0.000000	0.633216
EVM 721	17	1.408787	0.000000	0.363083
EVM 722	17	1.039721	0.000000	0.159505
EVM 723	19	0.225559	0.000000	0.169962
EVM 724	18	-0.199177	0.000000	0.160696
EVM 725	19	0.294431	0.000000	0.208435
EVM 726	16	-1.066454	0.000000	0.154908
EVM 727	16	-1.532234	0.000000	0.477717
EVM 728	19	0.204436	0.000000	0.162243
EVM 729	16	-1.075930	0.000000	0.154360
EVM 730	16	-1.449594	0.000000	0.400397
EVM 731	18	-0.215585	0.000000	0.166027
EVM 732	16	-1.490908	0.000000	0.438809
EVM 733	16	-1.030394	0.000000	0.162119
EVM 734	17	1.372517	0.000000	0.330611
EVM 735	20	-0.675587	0.000000	0.181692
EVM 736	21	0.673287	0.000000	0.182917
EVM 737	17	1.083805	0.000000	0.154347
EVM 738	18	-0.214326	0.000000	0.165567
EVM 739	20	-0.643072	0.000000	0.200767
EVM 740	20	-0.660682	0.000000	0.189984
EVM 741	21	0.667586	0.000000	0.186041
EVM 742	20	-0.641444	0.000000	0.201813
EVM 743	16	-1.499022	0.000000	0.446414
EVM 744	19	0.184625	0.000000	0.157254
EVM 745	18	-0.209419	0.000000	0.163851
EVM 746	19	0.206142	0.000000	0.162778
EVM 747	16	-1.065978	0.000000	0.154950
EVM 748	16	-1.462130	0.000000	0.411993
EVM 749	17	1.009312	0.000000	0.169776
EVM 750	21	0.697302	0.000000	0.171223
EVM 751	19	0.247403	0.000000	0.180214
EVM 752	16	-1.481606	0.000000	0.430113
EVM 753	17	1.496795	0.000000	0.444325
EVM 754	16	-1.485195	0.000000	0.433466
EVM 755	18	-0.208421	0.000000	0.163518
EVM 756	17	1.606792	0.000000	0.548807
EVM 757	23	0.507495	0.000000	0.160616
EVM 758	16	-1.545900	0.000000	0.490670
EVM 759	17	1.422825	0.000000	0.375837
EVM 760	16	-0.960413	0.000000	0.195295
EVM 761	17	1.397981	0.000000	0.353331
EVM 762	16	-1.014315	0.000000	0.167750
EVM 763	16	-1.487154	0.000000	0.435296
EVM 764	23	0.332214	0.000000	0.202215
EVM 765	16	-0.982943	0.000000	0.182356
EVM 766	18	-0.071611	0.000000	0.175065
EVM 767	19	0.059744	0.000000	0.180973
EVM 768	21	0.822322	0.000000	0.162452
EVM 769	21	0.696240	0.000000	0.171686
EVM 770	23	0.320999	0.000000	0.209638
EVM 771	16	-1.532406	0.000000	0.477880
EVM 772	19	0.208767	0.000000	0.163633
EVM 773	17	1.360012	0.000000	0.319604
EVM 774	20	-0.909183	0.000000	0.206788
EVM 775	19	0.249624	0.000000	0.181371
EVM 776	16	-1.434699	0.000000	0.386695
EVM 777	18	-0.146638	0.000000	0.154494
EVM 778	18	-0.253516	0.000000	0.183447
EVM 779	18	-0.215140	0.000000	0.165863
EVM 780	17	1.573195	0.000000	0.516652
EVM 781	16	-1.057099	0.000000	0.156012
EVM 782	16	-1.464427	0.000000	0.414124
EVM 783	19	0.208103	0.000000	0.163413
EVM 784	19	0.210035	0.000000	0.164060
EVM 785	16	-1.072186	0.000000	0.154507
EVM 786	17	1.346681	0.000000	0.307997
EVM 787	17	1.446872	0.000000	0.397887
EVM 788	21	0.631253	0.000000	0.208527
EVM 789	23	0.616426	0.000000	0.217662
EVM 790	22	-0.605290	0.000000	0.209956
EVM 791	18	-0.244785	0.000000	0.178876
EVM 792	21	0.632434	0.000000	0.207735
EVM 793	16	-1.083308	0.000000	0.154336
EVM 794	21	0.697027	0.000000	0.171342
EVM 795	18	-0.153796	0.000000	0.154304
EVM 796	22	-0.589334	0.000000	0.199481
EVM 797	19	0.207163	0.000000	0.163106
EVM 798	21	0.693041	0.000000	0.173113
EVM 799	16	-1.495963	0.000000	0.443545
EVM 800	16	-1.334061	0.000000	0.297142
EVM 801	23	0.327833	0.000000	0.205074
EVM 802	18	-0.254949	0.000000	0.184226
EVM 803	21	0.666413	0.000000	0.186699
EVM 804	19	0.215382	0.000000	0.165952
EVM 805	22	-0.595224	0.000000	0.203265
EVM 806	23	0.572408	0.000000	0.189207
EVM 807	21	0.627819	0.000000	0.210852
EVM 808	16	-1.432283	0.000000	0.384481
EVM 809	20	-0.641333	0.000000	0.201884
EVM 810	19	0.195445	0.000000	0.159694
EVM 811	17	1.444788	0.000000	0.395967
EVM 812	18	-0.232910	0.000000	0.173172
EVM 813	17	1.050570	0.000000	0.157108
EVM 814	18	-0.177236	0.000000	0.155998
EVM 815	17	1.497872	0.000000	0.445335
EVM 816	17	1.004040	0.000000	0.172041
EVM 817	17	1.080516	0.000000	0.154304
EVM 818	17	1.030269	0.000000	0.162157
EVM 819	21	0.873700	0.000000	0.185070
EVM 820	21	0.807330	0.000000	0.158405
EVM 821	22	-0.585856	0.000000	0.197295
EVM 822	20	-0.916914	0.000000	0.212014
EVM 823	23	0.481072	0.000000	0.155369
EVM 824	16	-1.569700	0.000000	0.513317
EVM 825	17	1.343432	0.000000	0.305190
EVM 826	23	0.567042	0.000000	0.186153
EVM 827	20	-0.711200	0.000000	0.165673
EVM 828	18	-0.206372	0.000000	0.162852
EVM 829	18	-0.182205	0.000000	0.156806
EVM 830	19	0.228216	0.000000	0.171093
EVM 831	16	-1.531499	0.000000	0.477021
EVM 832	21	0.667795	0.000000	0.185924
EVM 833	16	-1.035744	0.000000	0.160559
EVM 834	21	0.657819	0.000000	0.191668
EVM 835	16	-1.042673	0.000000	0.158783
EVM 836	17	1.030290	0.000000	0.162151
EVM 837	17	1.085845	0.000000	0.154409
EVM 838	17	1.352093	0.000000	0.312693
EVM 839	17	1.089604	0.000000	0.154594
EVM 840	20	-0.627845	0.000000	0.210834
EVM 841	16	-1.057176	0.000000	0.156000
EVM 842	20	-0.649794	0.000000	0.196535
EVM 843	19	0.228308	0.000000	0.171132
EVM 844	20	-0.660338	0.000000	0.190185
EVM 845	17	1.020640	0.000000	0.165372
EVM 846	18	-0.230260	0.000000	0.171985
EVM 847	16	-1.489629	0.000000	0.437612
EVM 848	17	1.051286	0.000000	0.156975
EVM 849	17	1.025853	0.000000	0.163569
EVM 850	16	-1.494004	0.000000	0.441709
EVM 851	17	1.105048	0.000000	0.156303
EVM 852	16	-1.402554	0.000000	0.357451
EVM 853	16	-1.727000	0.000000	0.665026
EVM 854	16	-1.522099	0.000000	0.468137
EVM 855	20	-0.640809	0.000000	0.202223
EVM 856	20	-0.690560	0.000000	0.174251
EVM 857	17	1.051364	0.000000	0.156961
EVM 858	21	0.649846	0.000000	0.196502
EVM 859	17	1.300801	0.000000	0.269273
EVM 860	17	1.130308	0.000000	0.162259
EVM 861	19	0.238220	0.000000	0.175646
EVM 862	23	0.597409	0.000000	0.204694
EVM 863	17	1.349152	0.000000	0.310139
EVM 864	20	-0.642603	0.000000	0.201068
EVM 865	19	0.174845	0.000000	0.155665
EVM 866	17	0.926803	0.000000	0.217524
EVM 867	23	0.529176	0.000000	0.167931
EVM 868	21	0.678110	0.000000	0.180373
EVM 869	18	-0.164549	0.000000	0.154643
EVM 870	22	-0.369493	0.000000	0.180378
EVM 871	16	-1.044245	0.000000	0.158420
EVM 872	17	1.048822	0.000000	0.157446
EVM 873	17	0.974997	0.000000	0.186711
EVM 874	17	1.640780	0.000000	0.581502
EVM 875	19	0.037669	0.000000	0.193425
EVM 876	19	0.220790	0.000000	0.168018
EVM 877	17	1.449415	0.000000	0.400232
EVM 878	17	1.049515	0.000000	0.157310
EVM 879	19	0.226083	0.000000	0.170182
EVM 880	17	1.072330	0.000000	0.154500
EVM 881	17	1.462803	0.000000	0.412617
EVM 882	16	-1.094395	0.000000	0.154962
EVM 883	16	-1.466366	0.000000	0.415924
EVM 884	22	-0.597588	0.000000	0.204811
EVM 885	17	1.517042	0.000000	0.463366
EVM 886	20	-0.640815	0.000000	0.202219
EVM 887	16	-1.065349	0.000000	0.155009
EVM 888	21	0.629357	0.000000	0.209807
EVM 889	17	1.032662	0.000000	0.161438
EVM 890	17	1.391831	0.000000	0.347809
EVM 891	21	0.621949	0.000000	0.214895
EVM 892	21	0.671212	0.000000	0.184039
EVM 893	21	0.670674	0.000000	0.184333
EVM 894	19	0.181466	0.000000	0.156676
EVM 895	20	-0.634368	0.000000	0.206445
EVM 896	20	-0.630697	0.000000	0.208901
EVM 897	16	-1.082974	0.000000	0.154330
EVM 898	16	-1.450541	0.000000	0.401271
EVM 899	17	1.471718	0.000000	0.420899
EVM 900	17	1.464879	0.000000	0.414544
EVM 901	16	-1.478668	0.000000	0.427372
EVM 902	19	0.188901	0.000000	0.158134
EVM 903	18	-0.182708	0.000000	0.156896
EVM 904	16	-1.385142	0.000000	0.341827
EVM 905	17	1.216635	0.000000	0.206022
EVM 906	20	-0.664381	0.000000	0.187850
EVM 907	16	-1.423613	0.000000	0.376556
EVM 908	16	-1.450063	0.000000	0.400831
EVM 909	19	0.174681	0.000000	0.155643
EVM 910	16	-1.416603	0.000000	0.370173
EVM 911	17	1.483817	0.000000	0.432178
EVM 912	20	-0.723198	0.000000	0.161692
EVM 913	23	0.593667	0.000000	0.202255
EVM 914	22	-0.580466	0.000000	0.193982
EVM 915	17	1.405463	0.000000	0.360077
EVM 916	17	1.061344	0.000000	0.155442
EVM 917	22	-0.552045	0.000000	0.178198
EVM 918	16	-1.136417	0.000000	0.164251
EVM 919	18	-0.183112	0.000000	0.156970
EVM 920	19	0.199224	0.000000	0.160709
EVM 921	17	1.399209	0.000000	0.354437
EVM 922	21	0.739322	0.000000	0.157626
EVM 923	17	1.069801	0.000000	0.154648
EVM 924	23	0.604129	0.000000	0.209171
EVM 925	23	0.587579	0.000000	0.198373
EVM 927	17	1.435159	0.000000	0.387117
EVM 928	16	-0.986230	0.000000	0.180625
EVM 929	17	1.387653	0.000000	0.344069
EVM 930	20	-0.662730	0.000000	0.188797
EVM 931	17	1.113671	0.000000	0.157908
EVM 932	19	0.168666	0.000000	0.154970
EVM 933	17	1.457777	0.000000	0.407961
EVM 934	17	1.035030	0.000000	0.160757
EVM 935	21	0.633438	0.000000	0.207063
EVM 936	20	-0.651752	0.000000	0.195329
EVM 937	17	1.033835	0.000000	0.161097
EVM 938	20	-0.661900	0.000000	0.189276
EVM 939	17	1.466039	0.000000	0.415620
EVM 940	20	-0.643016	0.000000	0.200803
EVM 941	19	0.270171	0.000000	0.192963
EVM 942	17	1.336060	0.000000	0.298853
EVM 943	16	-1.040601	0.000000	0.159284
EVM 944	23	0.609824	0.000000	0.213057
EVM 945	16	-1.475762	0.000000	0.424664
EVM 946	16	-1.075094	0.000000	0.154385
EVM 947	16	-1.058864	0.000000	0.155761
EVM 948	18	-0.219667	0.000000	0.167577
EVM 949	16	-1.087404	0.000000	0.154475
EVM 950	16	-1.028061	0.000000	0.162850
EVM 951	17	1.458509	0.000000	0.408638
EVM 952	16	-1.490249	0.000000	0.438192
EVM 953	22	-0.612297	0.000000	0.214770
EVM 954	16	-1.036590	0.000000	0.160327
EVM 955	23	0.575913	0.000000	0.191257
EVM 956	16	-1.167412	0.000000	0.177282
EVM 957	23	0.585370	0.000000	0.196992
EVM 958	21	0.718192	0.000000	0.163258
EVM 959	17	1.425223	0.000000	0.378026
EVM 960	20	-0.671175	0.000000	0.184060
EVM 961	16	-1.409048	0.000000	0.363319
EVM 962	16	-1.544442	0.000000	0.489286
EVM 963	16	-0.996115	0.000000	0.175690
EVM 964	16	-1.017300	0.000000	0.166602
EVM 965	16	-1.456707	0.000000	0.406970
EVM 966	17	0.945112	0.000000	0.205030
EVM 967	17	1.368777	0.000000	0.327308
EVM 968	17	1.500826	0.000000	0.448108
EVM 969	16	-1.441412	0.000000	0.392860
EVM 970	18	-0.126046	0.000000	0.156869
EVM 971	17	1.709407	0.000000	0.647925
EVM 972	20	-0.811995	0.000000	0.159524
EVM 973	19	0.159868	0.000000	0.154404
EVM 974	18	-0.173454	0.000000	0.155487
EVM 975	16	-1.404102	0.000000	0.358847
EVM 976	17	1.457189	0.000000	0.407416
EVM 977	16	-1.706783	0.000000	0.645377
EVM 978	16	-1.651246	0.000000	0.591600
EVM 979	18	-0.260738	0.000000	0.187451
EVM 980	20	-0.812632	0.000000	0.159687
EVM 981	17	1.290053	0.000000	0.260538
EVM 982	21	0.673728	0.000000	0.182680
EVM 983	17	1.446837	0.000000	0.397854
EVM 984	20	-0.653984	0.000000	0.193968
EVM 985	16	-1.044143	0.000000	0.158443
EVM 986	17	1.471098	0.000000	0.420322
