EVM 0	19	0.216670	0.000000	0.166431
EVM 1	19	0.218377	0.000000	0.167078
EVM 2	16	-1.071494	0.000000	0.154545
EVM 3	17	1.498042	0.000000	0.445495
EVM 4	16	-1.070413	0.000000	0.154609
EVM 5	19	0.213089	0.000000	0.165122
EVM 6	17	1.385740	0.000000	0.342361
EVM 7	17	1.498513	0.000000	0.445937
EVM 8	19	0.212021	0.000000	0.164745
EVM 9	17	1.490697	0.000000	0.438612
EVM 10	18	-0.215689	0.000000	0.166065
EVM 11	16	-1.069200	0.000000	0.154689
EVM 12	20	-0.636118	0.000000	0.205286
EVM 13	17	1.501404	0.000000	0.448650
EVM 14	16	-1.069816	0.000000	0.154647
EVM 15	21	0.645146	0.000000	0.199447
EVM 16	16	-1.502633	0.000000	0.449804
EVM 17	17	1.498976	0.000000	0.446371
EVM 18	17	1.075591	0.000000	0.154370
EVM 19	20	-0.646333	0.000000	0.198697
EVM 20	16	-1.407858	0.000000	0.362242
EVM 21	19	0.230149	0.000000	0.171936
EVM 22	16	-1.518203	0.000000	0.464460
EVM 23	16	-1.500164	0.000000	0.447486
EVM 24	18	-0.212340	0.000000	0.164857
EVM 25	20	-0.647156	0.000000	0.198179
EVM 26	16	-1.499837	0.000000	0.447179
EVM 27	19	0.212816	0.000000	0.165025
EVM 28	18	-0.216426	0.000000	0.166339
EVM 29	16	-1.055650	0.000000	0.156232
EVM 30	17	1.076199	0.000000	0.154353
EVM 31	17	1.390097	0.000000	0.346256
EVM 32	17	1.507182	0.000000	0.454080
EVM 33	18	-0.207374	0.000000	0.163175
EVM 34	17	1.481343	0.000000	0.429868
EVM 35	17	1.078128	0.000000	0.154316
EVM 36	17	1.085935	0.000000	0.154413
EVM 37	17	1.068779	0.000000	0.154720
EVM 38	21	0.674701	0.000000	0.182161
EVM 39	19	0.225434	0.000000	0.169909
EVM 40	19	0.218709	0.000000	0.167205
EVM 41	17	1.579764	0.000000	0.522924
EVM 42	16	-1.073310	0.000000	0.154454
EVM 43	16	-1.080411	0.000000	0.154304
EVM 44	17	1.450392	0.000000	0.401134
EVM 45	17	1.377939	0.000000	0.335415
EVM 46	17	1.068249	0.000000	0.154760
EVM 47	16	-1.488562	0.000000	0.436614
EVM 48	17	1.490288	0.000000	0.438229
EVM 49	16	-1.504903	0.000000	0.451937
EVM 50	17	1.481140	0.000000	0.429678
EVM 51	21	0.654275	0.000000	0.193791
EVM 52	16	-1.071857	0.000000	0.154525
EVM 53	19	0.210557	0.000000	0.164238
EVM 54	16	-1.497482	0.000000	0.444969
EVM 55	18	-0.213154	0.000000	0.165145
EVM 56	18	-0.214085	0.000000	0.165479
EVM 57	17	1.075622	0.000000	0.154369
EVM 58	17	1.385533	0.000000	0.342176
EVM 59	19	0.213667	0.000000	0.165329
EVM 60	16	-1.069836	0.000000	0.154646
EVM 61	16	-1.488091	0.000000	0.436173
EVM 62	16	-1.503052	0.000000	0.450198
EVM 63	21	0.638993	0.000000	0.203401
EVM 64	16	-1.068000	0.000000	0.154779
EVM 65	20	-0.643408	0.000000	0.200553
EVM 66	18	-0.212318	0.000000	0.164849
EVM 67	19	0.223372	0.000000	0.169056
EVM 68	20	-0.642688	0.000000	0.201013
EVM 69	17	1.072427	0.000000	0.154495
EVM 70	19	0.221175	0.000000	0.168171
EVM 71	21	0.648838	0.000000	0.197128
EVM 72	16	-1.414225	0.000000	0.368013
EVM 73	16	-1.519349	0.000000	0.465541
EVM 74	17	1.507857	0.000000	0.454715
EVM 75	17	1.075153	0.000000	0.154383
EVM 76	21	0.644507	0.000000	0.199853
EVM 77	20	-0.642229	0.000000	0.201308
EVM 78	16	-1.499815	0.000000	0.447158
EVM 79	18	-0.205249	0.000000	0.162496
EVM 80	17	1.490059	0.000000	0.438014
EVM 81	18	-0.210099	0.000000	0.164081
EVM 82	19	0.213474	0.000000	0.165259
EVM 83	17	1.392371	0.000000	0.348293
EVM 84	20	-0.653322	0.000000	0.194369
EVM 85	17	1.503582	0.000000	0.450695
EVM 86	19	0.212350	0.000000	0.164860
EVM 87	20	-0.655102	0.000000	0.193292
EVM 88	16	-1.079221	0.000000	0.154306
EVM 89	21	0.653421	0.000000	0.194309
EVM 90	20	-0.649824	0.000000	0.196517
EVM 91	19	0.185764	0.000000	0.157478
EVM 92	18	-0.211549	0.000000	0.164580
EVM 93	20	-0.706923	0.000000	0.167278
EVM 94	16	-1.499312	0.000000	0.446686
EVM 95	16	-1.097856	0.000000	0.155319
EVM 96	23	0.596714	0.000000	0.204237
EVM 97	17	1.376122	0.000000	0.333803
EVM 98	21	0.623101	0.000000	0.214095
EVM 99	21	0.639343	0.000000	0.203174
EVM 100	17	1.064936	0.000000	0.155049
EVM 101	20	-0.647894	0.000000	0.197717
EVM 102	17	1.487779	0.000000	0.435881
EVM 103	18	-0.224864	0.000000	0.169671
EVM 104	17	1.497755	0.000000	0.445226
EVM 105	16	-1.504970	0.000000	0.452000
EVM 106	19	0.213861	0.000000	0.165398
EVM 107	20	-0.640782	0.000000	0.202240
EVM 108	20	-0.642763	0.000000	0.200965
EVM 109	16	-1.508422	0.000000	0.455247
EVM 110	17	1.384044	0.000000	0.340848
EVM 111	16	-1.497495	0.000000	0.444981
EVM 112	18	-0.212629	0.000000	0.164959
EVM 113	16	-1.491146	0.000000	0.439032
EVM 114	19	0.209044	0.000000	0.163726
EVM 115	17	1.069781	0.000000	0.154650
EVM 116	20	-0.641086	0.000000	0.202044
EVM 117	21	0.639306	0.000000	0.203197
EVM 118	16	-1.502041	0.000000	0.449248
EVM 119	19	0.215368	0.000000	0.165947
EVM 120	21	0.643198	0.000000	0.200687
EVM 121	18	-0.217207	0.000000	0.166632
EVM 122	19	0.206246	0.000000	0.162811
EVM 123	16	-1.507734	0.000000	0.454599
EVM 124	16	-1.409235	0.000000	0.363489
EVM 125	18	-0.233821	0.000000	0.173587
EVM 126	18	-0.224319	0.000000	0.169445
EVM 127	16	-1.507673	0.000000	0.454542
EVM 128	18	-0.213295	0.000000	0.165195
EVM 129	20	-0.643171	0.000000	0.200704
EVM 130	17	1.070163	0.000000	0.154625
EVM 131	19	0.207061	0.000000	0.163073
EVM 132	21	0.638098	0.000000	0.203986
EVM 133	17	1.059618	0.000000	0.155660
EVM 134	17	1.501825	0.000000	0.449046
EVM 135	17	1.395272	0.000000	0.350897
EVM 136	21	0.652965	0.000000	0.194587
EVM 137	16	-1.075900	0.000000	0.154361
EVM 138	21	0.636549	0.000000	0.205002
EVM 139	19	0.223514	0.000000	0.169114
EVM 140	20	-0.647229	0.000000	0.198134
EVM 141	16	-1.498703	0.000000	0.446115
EVM 142	16	-1.086315	0.000000	0.154428
EVM 143	18	-0.184862	0.000000	0.157300
EVM 144	16	-1.544900	0.000000	0.489721
EVM 145	20	-0.737040	0.000000	0.158108
EVM 146	17	1.047576	0.000000	0.157699
EVM 147	17	1.051115	0.000000	0.157006
EVM 148	20	-0.640926	0.000000	0.202147
EVM 149	17	1.376119	0.000000	0.333801
EVM 150	17	1.056580	0.000000	0.156089
EVM 151	18	-0.212536	0.000000	0.164926
EVM 152	21	0.642625	0.000000	0.201054
EVM 153	19	0.217612	0.000000	0.166786
EVM 154	17	1.492254	0.000000	0.440069
EVM 155	16	-1.064186	0.000000	0.155124
EVM 156	20	-0.644521	0.000000	0.199844
EVM 157	20	-0.646682	0.000000	0.198478
EVM 158	18	-0.213253	0.000000	0.165180
EVM 159	21	0.642184	0.000000	0.201337
EVM 160	21	0.643017	0.000000	0.200802
EVM 161	17	1.070909	0.000000	0.154578
EVM 162	17	1.386239	0.000000	0.342806
EVM 163	17	1.498460	0.000000	0.445886
EVM 164	16	-1.067561	0.000000	0.154814
EVM 165	17	1.064717	0.000000	0.155071
EVM 166	18	-0.212050	0.000000	0.164755
EVM 167	21	0.639454	0.000000	0.203101
EVM 168	21	0.641459	0.000000	0.201803
EVM 169	17	1.070711	0.000000	0.154590
EVM 170	18	-0.213828	0.000000	0.165386
EVM 171	19	0.210826	0.000000	0.164330
EVM 172	17	1.501571	0.000000	0.448807
EVM 173	19	0.214185	0.000000	0.165515
EVM 174	17	1.500120	0.000000	0.447444
EVM 175	16	-1.079290	0.000000	0.154306
EVM 176	16	-1.414427	0.000000	0.368196
EVM 177	17	1.491897	0.000000	0.439735
EVM 178	17	1.087749	0.000000	0.154492
EVM 179	17	1.508903	0.000000	0.455699
EVM 180	17	1.072869	0.000000	0.154474
EVM 181	21	0.645491	0.000000	0.199228
EVM 182	21	0.642644	0.000000	0.201042
EVM 183	18	-0.226080	0.000000	0.170181
EVM 184	21	0.638521	0.000000	0.203709
EVM 185	21	0.641865	0.000000	0.201542
EVM 186	20	-0.648965	0.000000	0.197049
EVM 187	17	1.390331	0.000000	0.346465
EVM 188	16	-1.510175	0.000000	0.456895
EVM 189	16	-1.511096	0.000000	0.457763
EVM 190	20	-0.639218	0.000000	0.203255
EVM 191	17	1.513094	0.000000	0.459644
EVM 192	16	-1.076606	0.000000	0.154343
EVM 193	17	1.510599	0.000000	0.457295
EVM 194	19	0.218232	0.000000	0.167022
EVM 195	16	-1.524979	0.000000	0.470856
EVM 196	21	0.654771	0.000000	0.193492
EVM 197	23	0.350307	0.000000	0.191021
EVM 198	16	-1.028057	0.000000	0.162851
EVM 199	16	-1.050492	0.000000	0.157123
EVM 200	17	1.044348	0.000000	0.158396
EVM 201	17	1.376022	0.000000	0.333715
EVM 202	20	-0.621651	0.000000	0.215103
EVM 203	17	1.493418	0.000000	0.441159
EVM 204	21	0.641063	0.000000	0.202059
EVM 205	16	-1.506314	0.000000	0.453264
EVM 206	17	1.486890	0.000000	0.435050
EVM 207	16	-1.505235	0.000000	0.452249
EVM 208	20	-0.640808	0.000000	0.202224
EVM 209	16	-1.075855	0.000000	0.154362
EVM 210	19	0.213814	0.000000	0.165382
EVM 211	17	1.498927	0.000000	0.446325
EVM 212	16	-1.075029	0.000000	0.154387
EVM 213	16	-1.071333	0.000000	0.154554
EVM 214	17	1.386638	0.000000	0.343163
EVM 215	21	0.643542	0.000000	0.200467
EVM 216	18	-0.213584	0.000000	0.165299
EVM 217	16	-1.068757	0.000000	0.154721
EVM 218	16	-1.068610	0.000000	0.154732
EVM 219	16	-1.073699	0.000000	0.154437
EVM 220	17	1.066822	0.000000	0.154876
EVM 221	17	1.497347	0.000000	0.444843
EVM 222	19	0.215753	0.000000	0.166089
EVM 223	19	0.209407	0.000000	0.163847
EVM 224	17	1.501527	0.000000	0.448766
EVM 225	19	0.209069	0.000000	0.163734
EVM 226	21	0.641787	0.000000	0.201592
EVM 227	18	-0.218965	0.000000	0.167304
EVM 228	16	-1.413037	0.000000	0.366935
EVM 229	21	0.668512	0.000000	0.185525
EVM 230	16	-1.527243	0.000000	0.472996
EVM 231	17	1.075189	0.000000	0.154382
EVM 232	21	0.644728	0.000000	0.199712
EVM 233	17	1.071735	0.000000	0.154531
EVM 234	20	-0.623529	0.000000	0.213799
EVM 235	21	0.644039	0.000000	0.200150
EVM 236	20	-0.640925	0.000000	0.202148
EVM 237	19	0.220435	0.000000	0.167878
EVM 238	17	1.069930	0.000000	0.154640
EVM 239	17	1.390520	0.000000	0.346635
EVM 240	16	-1.514002	0.000000	0.460500
EVM 241	20	-0.644965	0.000000	0.199562
EVM 242	21	0.640413	0.000000	0.202479
EVM 243	18	-0.226576	0.000000	0.170390
EVM 244	19	0.217307	0.000000	0.166670
EVM 245	21	0.650559	0.000000	0.196062
EVM 246	17	1.536855	0.000000	0.482093
EVM 247	21	0.646007	0.000000	0.198902
EVM 248	17	1.529340	0.000000	0.474979
EVM 249	17	1.669114	0.000000	0.608867
EVM 250	19	0.278789	0.000000	0.198258
EVM 251	16	-1.066277	0.000000	0.154923
EVM 252	16	-1.048332	0.000000	0.157544
EVM 253	17	1.373614	0.000000	0.331581
EVM 254	17	1.490384	0.000000	0.438319
EVM 255	16	-1.495656	0.000000	0.443257
EVM 256	17	1.485324	0.000000	0.433587
EVM 257	16	-1.506073	0.000000	0.453037
EVM 258	17	1.059212	0.000000	0.155714
EVM 259	21	0.630801	0.000000	0.208831
EVM 260	21	0.642763	0.000000	0.200966
EVM 261	18	-0.215739	0.000000	0.166084
EVM 262	19	0.212135	0.000000	0.164785
EVM 263	16	-1.070479	0.000000	0.154604
EVM 264	18	-0.213623	0.000000	0.165313
EVM 265	17	1.073543	0.000000	0.154444
EVM 266	17	1.384517	0.000000	0.341269
EVM 267	19	0.213374	0.000000	0.165224
EVM 268	19	0.213330	0.000000	0.165208
EVM 269	20	-0.637555	0.000000	0.204341
EVM 270	21	0.640198	0.000000	0.202619
EVM 271	17	1.497018	0.000000	0.444534
EVM 272	16	-1.495410	0.000000	0.443027
EVM 273	21	0.645353	0.000000	0.199316
EVM 274	18	-0.215064	0.000000	0.165835
EVM 275	20	-0.640887	0.000000	0.202172
EVM 276	16	-1.509351	0.000000	0.456120
EVM 277	18	-0.215765	0.000000	0.166094
EVM 278	21	0.640925	0.000000	0.202148
EVM 279	17	1.078763	0.000000	0.154309
EVM 280	16	-1.415887	0.000000	0.369522
EVM 281	16	-1.090765	0.000000	0.154670
EVM 282	18	-0.212055	0.000000	0.164757
EVM 283	19	0.212632	0.000000	0.164960
EVM 284	18	-0.214936	0.000000	0.165789
EVM 285	16	-1.500144	0.000000	0.447467
EVM 286	16	-1.492200	0.000000	0.440019
EVM 287	19	0.211835	0.000000	0.164680
EVM 288	16	-1.071411	0.000000	0.154549
EVM 289	17	1.057175	0.000000	0.156000
EVM 290	19	0.217836	0.000000	0.166871
EVM 291	17	1.391433	0.000000	0.347452
EVM 292	18	-0.219776	0.000000	0.167619
EVM 293	16	-1.507729	0.000000	0.454595
EVM 294	21	0.643116	0.000000	0.200739
EVM 295	16	-1.505974	0.000000	0.452944
EVM 296	17	1.089875	0.000000	0.154611
EVM 297	20	-0.648586	0.000000	0.197285
EVM 298	20	-0.663972	0.000000	0.188084
EVM 299	17	1.506669	0.000000	0.453597
EVM 300	16	-1.104277	0.000000	0.156182
EVM 301	21	0.707740	0.000000	0.166964
EVM 302	16	-1.479961	0.000000	0.428578
EVM 303	17	1.488632	0.000000	0.436680
EVM 304	16	-1.458165	0.000000	0.408319
EVM 305	17	1.372884	0.000000	0.330935
EVM 306	17	1.484782	0.000000	0.433080
EVM 307	18	-0.211049	0.000000	0.164407
EVM 308	21	0.640454	0.000000	0.202452
EVM 309	19	0.220562	0.000000	0.167928
EVM 310	17	1.062620	0.000000	0.155293
EVM 311	17	1.495901	0.000000	0.443486
EVM 312	16	-1.072260	0.000000	0.154504
EVM 313	21	0.644447	0.000000	0.199891
EVM 314	16	-1.496505	0.000000	0.444053
EVM 315	16	-1.498828	0.000000	0.446232
EVM 316	18	-0.220078	0.000000	0.167737
EVM 317	18	-0.212630	0.000000	0.164959
EVM 318	17	1.384793	0.000000	0.341516
EVM 319	18	-0.216254	0.000000	0.166275
EVM 320	21	0.641364	0.000000	0.201864
EVM 321	18	-0.218939	0.000000	0.167294
EVM 322	20	-0.646346	0.000000	0.198689
EVM 323	19	0.212704	0.000000	0.164985
EVM 324	16	-1.065974	0.000000	0.154951
EVM 325	16	-1.072493	0.000000	0.154492
EVM 326	21	0.643096	0.000000	0.200752
EVM 327	19	0.221198	0.000000	0.168180
EVM 328	21	0.645410	0.000000	0.199280
EVM 329	17	1.070390	0.000000	0.154610
EVM 330	17	1.068393	0.000000	0.154749
EVM 331	18	-0.214401	0.000000	0.165594
EVM 332	16	-1.416335	0.000000	0.369929
EVM 333	19	0.251395	0.000000	0.182308
EVM 334	20	-0.646879	0.000000	0.198353
EVM 335	18	-0.210496	0.000000	0.164217
EVM 336	16	-1.072744	0.000000	0.154480
EVM 337	19	0.218087	0.000000	0.166967
EVM 338	18	-0.204331	0.000000	0.162211
EVM 339	17	1.489731	0.000000	0.437708
EVM 340	18	-0.218479	0.000000	0.167117
EVM 341	19	0.216657	0.000000	0.166426
EVM 342	21	0.646653	0.000000	0.198495
EVM 343	17	1.393184	0.000000	0.349022
EVM 344	18	-0.219635	0.000000	0.167564
EVM 345	20	-0.645767	0.000000	0.199054
EVM 346	17	1.479961	0.000000	0.428578
EVM 347	17	1.080207	0.000000	0.154303
EVM 348	16	-1.516144	0.000000	0.462519
EVM 349	21	0.654561	0.000000	0.193618
EVM 350	17	1.087076	0.000000	0.154460
EVM 351	17	1.526120	0.000000	0.471935
EVM 352	16	-1.550384	0.000000	0.494929
EVM 353	21	0.692787	0.000000	0.173228
EVM 354	17	1.045318	0.000000	0.158180
EVM 355	21	0.650511	0.000000	0.196092
EVM 356	16	-1.039011	0.000000	0.159686
EVM 357	17	1.381777	0.000000	0.338828
EVM 358	19	0.222911	0.000000	0.168868
EVM 359	16	-1.495129	0.000000	0.442763
EVM 360	18	-0.211643	0.000000	0.164613
EVM 361	19	0.214226	0.000000	0.165530
EVM 362	19	0.215399	0.000000	0.165958
EVM 363	20	-0.639291	0.000000	0.203207
EVM 364	20	-0.637250	0.000000	0.204541
EVM 365	18	-0.212423	0.000000	0.164886
EVM 366	16	-1.495686	0.000000	0.443285
EVM 367	17	1.070960	0.000000	0.154575
EVM 368	17	1.500651	0.000000	0.447943
EVM 369	21	0.646989	0.000000	0.198285
EVM 370	17	1.384416	0.000000	0.341180
EVM 371	16	-1.068413	0.000000	0.154747
EVM 372	19	0.213241	0.000000	0.165176
EVM 373	17	1.067722	0.000000	0.154801
EVM 374	21	0.636974	0.000000	0.204722
EVM 375	20	-0.644628	0.000000	0.199775
EVM 376	17	1.495057	0.000000	0.442695
EVM 377	16	-1.074288	0.000000	0.154414
EVM 378	21	0.645780	0.000000	0.199046
EVM 379	18	-0.218924	0.000000	0.167288
EVM 380	20	-0.643396	0.000000	0.200560
EVM 381	18	-0.210401	0.000000	0.164184
EVM 382	16	-1.074270	0.000000	0.154414
EVM 383	16	-1.074660	0.000000	0.154400
EVM 384	16	-1.410160	0.000000	0.364326
EVM 385	23	0.614694	0.000000	0.216444
EVM 386	17	1.090230	0.000000	0.154634
EVM 387	20	-0.647612	0.000000	0.197894
EVM 388	18	-0.211691	0.000000	0.164630
EVM 389	19	0.216754	0.000000	0.166462
EVM 390	16	-1.474216	0.000000	0.423223
EVM 391	16	-1.065928	0.000000	0.154955
EVM 392	18	-0.215244	0.000000	0.165901
EVM 393	17	1.053626	0.000000	0.156562
EVM 394	21	0.643257	0.000000	0.200649
EVM 395	17	1.391523	0.000000	0.347533
EVM 396	16	-1.507982	0.000000	0.454832
EVM 397	20	-0.651445	0.000000	0.195517
EVM 398	18	-0.214123	0.000000	0.165493
EVM 399	17	1.073575	0.000000	0.154442
EVM 400	20	-0.641772	0.000000	0.201601
EVM 401	17	1.507526	0.000000	0.454403
EVM 402	18	-0.222667	0.000000	0.168770
EVM 403	17	1.036613	0.000000	0.160321
EVM 404	20	-0.693781	0.000000	0.172779
EVM 405	16	-1.523575	0.000000	0.469530
EVM 406	17	1.020316	0.000000	0.165488
EVM 407	23	0.600198	0.000000	0.206537
EVM 408	19	0.198975	0.000000	0.160640
EVM 409	17	1.378883	0.000000	0.336254
EVM 410	19	0.216113	0.000000	0.166223
EVM 411	18	-0.213360	0.000000	0.165219
EVM 412	19	0.209985	0.000000	0.164043
EVM 413	18	-0.209179	0.000000	0.163771
EVM 414	16	-1.059936	0.000000	0.155618
EVM 415	20	-0.653538	0.000000	0.194239
EVM 416	16	-1.493322	0.000000	0.441070
EVM 417	21	0.646366	0.000000	0.198676
EVM 418	17	1.068652	0.000000	0.154729
EVM 419	21	0.641218	0.000000	0.201959
EVM 420	19	0.214577	0.000000	0.165657
EVM 421	17	1.078201	0.000000	0.154315
EVM 422	17	1.385097	0.000000	0.341787
EVM 423	20	-0.641502	0.000000	0.201775
EVM 424	17	1.494412	0.000000	0.442091
EVM 425	19	0.213358	0.000000	0.165218
EVM 426	19	0.214994	0.000000	0.165810
EVM 427	17	1.065223	0.000000	0.155021
EVM 428	18	-0.214778	0.000000	0.165731
EVM 429	20	-0.642071	0.000000	0.201409
EVM 430	19	0.212976	0.000000	0.165082
EVM 431	19	0.216278	0.000000	0.166284
EVM 432	17	1.077667	0.000000	0.154323
EVM 433	16	-1.501810	0.000000	0.449031
EVM 434	18	-0.209962	0.000000	0.164035
EVM 435	19	0.213798	0.000000	0.165376
EVM 436	16	-1.410381	0.000000	0.364526
EVM 437	16	-1.059103	0.000000	0.155729
EVM 438	18	-0.217800	0.000000	0.166857
EVM 439	17	1.071709	0.000000	0.154533
EVM 440	18	-0.213107	0.000000	0.165128
EVM 441	17	1.496665	0.000000	0.444203
EVM 442	19	0.219500	0.000000	0.167512
EVM 443	20	-0.633973	0.000000	0.206707
EVM 444	19	0.208634	0.000000	0.163589
EVM 445	20	-0.642192	0.000000	0.201331
EVM 446	21	0.644686	0.000000	0.199739
EVM 447	17	1.387732	0.000000	0.344141
EVM 448	17	1.512093	0.000000	0.458702
EVM 449	18	-0.215925	0.000000	0.166153
EVM 450	21	0.627175	0.000000	0.211291
EVM 451	18	-0.211097	0.000000	0.164423
EVM 452	16	-1.084285	0.000000	0.154359
EVM 453	16	-1.076550	0.000000	0.154345
EVM 454	19	0.211207	0.000000	0.164461
EVM 455	16	-1.477958	0.000000	0.426711
EVM 456	19	0.220347	0.000000	0.167843
EVM 457	19	0.168985	0.000000	0.155000
EVM 458	21	0.666999	0.000000	0.186369
EVM 459	17	1.510224	0.000000	0.456942
EVM 460	21	0.652130	0.000000	0.195097
EVM 461	17	1.375811	0.000000	0.333527
EVM 462	17	1.499146	0.000000	0.446530
EVM 463	17	1.494792	0.000000	0.442448
EVM 464	17	1.495656	0.000000	0.443257
EVM 465	19	0.211522	0.000000	0.164571
EVM 466	19	0.214464	0.000000	0.165616
EVM 467	17	1.493747	0.000000	0.441468
EVM 468	17	1.069916	0.000000	0.154641
EVM 469	19	0.211276	0.000000	0.164485
EVM 470	16	-1.070625	0.000000	0.154595
EVM 471	19	0.213352	0.000000	0.165216
EVM 472	21	0.640597	0.000000	0.202360
EVM 473	16	-1.502397	0.000000	0.449583
EVM 474	17	1.383826	0.000000	0.340654
EVM 475	16	-1.500399	0.000000	0.447707
EVM 476	16	-1.068126	0.000000	0.154769
EVM 477	20	-0.640400	0.000000	0.202487
EVM 478	20	-0.644077	0.000000	0.200126
EVM 479	18	-0.213950	0.000000	0.165431
EVM 480	19	0.210884	0.000000	0.164350
EVM 481	20	-0.641785	0.000000	0.201593
EVM 482	17	1.497696	0.000000	0.445170
EVM 483	20	-0.648281	0.000000	0.197476
EVM 484	21	0.643767	0.000000	0.200324
EVM 485	18	-0.217578	0.000000	0.166773
EVM 486	16	-1.069842	0.000000	0.154646
EVM 487	16	-1.506265	0.000000	0.453217
EVM 488	16	-1.413447	0.000000	0.367307
EVM 489	20	-0.663260	0.000000	0.188492
EVM 490	16	-1.086164	0.000000	0.154422
EVM 491	18	-0.215805	0.000000	0.166108
EVM 492	16	-1.498797	0.000000	0.446203
EVM 493	17	1.498796	0.000000	0.446202
EVM 494	20	-0.650576	0.000000	0.196051
EVM 495	19	0.208500	0.000000	0.163545
EVM 496	21	0.648174	0.000000	0.197542
EVM 497	16	-1.075481	0.000000	0.154373
EVM 498	20	-0.649506	0.000000	0.196714
EVM 499	17	1.390550	0.000000	0.346662
EVM 500	21	0.647232	0.000000	0.198132
EVM 501	18	-0.219249	0.000000	0.167414
EVM 502	21	0.636102	0.000000	0.205297
EVM 503	17	1.069980	0.000000	0.154636
EVM 504	21	0.655137	0.000000	0.193271
EVM 505	17	1.080026	0.000000	0.154303
EVM 506	17	1.531950	0.000000	0.477449
EVM 507	20	-0.619180	0.000000	0.216832
EVM 508	17	1.099189	0.000000	0.155477
EVM 509	17	1.140739	0.000000	0.165782
EVM 510	16	-1.036461	0.000000	0.160362
EVM 511	17	1.473596	0.000000	0.422646
EVM 512	16	-1.045875	0.000000	0.158058
EVM 513	18	-0.211234	0.000000	0.164471
EVM 514	19	0.197917	0.000000	0.160349
EVM 515	16	-1.064432	0.000000	0.155099
EVM 516	16	-1.067567	0.000000	0.154813
EVM 517	19	0.212043	0.000000	0.164752
EVM 518	18	-0.219081	0.000000	0.167349
EVM 519	17	1.490175	0.000000	0.438123
EVM 520	17	1.498212	0.000000	0.445654
EVM 521	18	-0.218526	0.000000	0.167135
EVM 522	16	-1.068488	0.000000	0.154741
EVM 523	20	-0.644545	0.000000	0.199828
EVM 524	17	1.504578	0.000000	0.451632
EVM 525	16	-1.504815	0.000000	0.451854
EVM 526	17	1.384617	0.000000	0.341359
EVM 527	20	-0.640639	0.000000	0.202332
EVM 528	18	-0.214743	0.000000	0.165718
EVM 529	17	1.066024	0.000000	0.154946
EVM 530	20	-0.644359	0.000000	0.199946
EVM 531	16	-1.072111	0.000000	0.154511
EVM 532	17	1.496454	0.000000	0.444005
EVM 533	21	0.640825	0.000000	0.202213
EVM 534	16	-1.069681	0.000000	0.154656
EVM 535	18	-0.216203	0.000000	0.166256
EVM 536	20	-0.644280	0.000000	0.199997
EVM 537	20	-0.641690	0.000000	0.201654
EVM 538	17	1.074015	0.000000	0.154424
EVM 539	16	-1.077553	0.000000	0.154325
EVM 540	16	-1.412252	0.000000	0.366222
EVM 541	18	-0.213996	0.000000	0.165447
EVM 542	18	-0.215934	0.000000	0.166156
EVM 543	16	-1.509213	0.000000	0.455991
EVM 544	18	-0.210061	0.000000	0.164068
EVM 545	21	0.638639	0.000000	0.203632
EVM 546	19	0.205326	0.000000	0.162520
EVM 547	17	1.493932	0.000000	0.441641
EVM 548	20	-0.637325	0.000000	0.204492
EVM 549	18	-0.221022	0.000000	0.168110
EVM 550	17	1.077191	0.000000	0.154331
EVM 551	17	1.389865	0.000000	0.346048
EVM 552	17	1.510533	0.000000	0.457233
EVM 553	17	1.513459	0.000000	0.459988
EVM 554	20	-0.645126	0.000000	0.199459
EVM 555	18	-0.222581	0.000000	0.168735
EVM 556	20	-0.650730	0.000000	0.195956
EVM 557	17	1.083434	0.000000	0.154339
EVM 558	21	0.653454	0.000000	0.194290
EVM 559	20	-0.626873	0.000000	0.211498
EVM 560	16	-1.120562	0.000000	0.159514
EVM 561	17	1.272730	0.000000	0.246793
EVM 562	17	1.030429	0.000000	0.162108
EVM 563	18	-0.191196	0.000000	0.158652
EVM 564	16	-1.493600	0.000000	0.441331
EVM 565	17	1.379800	0.000000	0.337069
EVM 566	19	0.200947	0.000000	0.161199
EVM 567	19	0.212433	0.000000	0.164890
EVM 568	20	-0.631611	0.000000	0.208286
EVM 569	17	1.076333	0.000000	0.154350
EVM 570	18	-0.209867	0.000000	0.164003
EVM 571	16	-1.073100	0.000000	0.154463
EVM 572	20	-0.642812	0.000000	0.200934
EVM 573	16	-1.501163	0.000000	0.448424
EVM 574	16	-1.071018	0.000000	0.154572
EVM 575	18	-0.215111	0.000000	0.165853
EVM 576	21	0.646320	0.000000	0.198705
EVM 577	20	-0.643791	0.000000	0.200308
EVM 578	17	1.383879	0.000000	0.340700
EVM 579	17	1.497084	0.000000	0.444596
EVM 580	16	-1.497070	0.000000	0.444583
EVM 581	20	-0.644234	0.000000	0.200026
EVM 582	16	-1.500034	0.000000	0.447364
EVM 583	19	0.210517	0.000000	0.164224
EVM 584	17	1.067677	0.000000	0.154805
EVM 585	18	-0.215578	0.000000	0.166024
EVM 586	16	-1.067335	0.000000	0.154832
EVM 587	21	0.646670	0.000000	0.198485
EVM 588	19	0.216092	0.000000	0.166215
EVM 589	16	-1.068601	0.000000	0.154733
EVM 590	16	-1.488882	0.000000	0.436913
EVM 591	19	0.214998	0.000000	0.165811
EVM 592	16	-1.413886	0.000000	0.367705
EVM 593	16	-1.074266	0.000000	0.154414
EVM 594	16	-1.513169	0.000000	0.459715
EVM 595	21	0.636537	0.000000	0.205010
EVM 596	17	1.500586	0.000000	0.447882
EVM 597	16	-1.066864	0.000000	0.154872
EVM 598	20	-0.644500	0.000000	0.199857
EVM 599	16	-1.061652	0.000000	0.155405
EVM 600	19	0.219600	0.000000	0.167550
EVM 601	19	0.220843	0.000000	0.168039
EVM 602	19	0.218252	0.000000	0.167030
EVM 603	17	1.393102	0.000000	0.348948
EVM 604	16	-1.076205	0.000000	0.154353
EVM 605	16	-1.087919	0.000000	0.154500
EVM 606	19	0.209669	0.000000	0.163936
EVM 607	18	-0.213374	0.000000	0.165224
EVM 608	20	-0.652903	0.000000	0.194625
EVM 609	18	-0.218465	0.000000	0.167112
EVM 610	19	0.213980	0.000000	0.165441
EVM 611	17	1.067644	0.000000	0.154807
EVM 612	16	-1.079818	0.000000	0.154304
EVM 613	16	-1.623054	0.000000	0.564431
EVM 614	19	0.207388	0.000000	0.163179
EVM 615	16	-1.045913	0.000000	0.158050
EVM 616	19	0.184243	0.000000	0.157181
EVM 617	17	1.377349	0.000000	0.334892
EVM 618	19	0.212787	0.000000	0.165015
EVM 619	19	0.214549	0.000000	0.165647
EVM 620	16	-1.068622	0.000000	0.154731
EVM 621	17	1.077956	0.000000	0.154319
EVM 622	16	-1.482042	0.000000	0.430521
EVM 623	20	-0.653291	0.000000	0.194389
EVM 624	16	-1.498643	0.000000	0.446059
EVM 625	16	-1.499695	0.000000	0.447046
EVM 626	21	0.642724	0.000000	0.200990
EVM 627	21	0.643023	0.000000	0.200799
EVM 628	17	1.072940	0.000000	0.154470
EVM 629	19	0.216740	0.000000	0.166457
EVM 630	17	1.385092	0.000000	0.341782
EVM 631	17	1.072241	0.000000	0.154505
EVM 632	16	-1.065080	0.000000	0.155035
EVM 633	20	-0.633175	0.000000	0.207239
EVM 634	20	-0.643574	0.000000	0.200447
EVM 635	18	-0.213029	0.000000	0.165101
EVM 636	18	-0.208160	0.000000	0.163432
EVM 637	17	1.498555	0.000000	0.445976
EVM 638	17	1.070482	0.000000	0.154604
EVM 639	17	1.078887	0.000000	0.154308
EVM 640	20	-0.645253	0.000000	0.199379
EVM 641	18	-0.216601	0.000000	0.166405
EVM 642	17	1.496141	0.000000	0.443712
EVM 643	17	1.077700	0.000000	0.154322
EVM 644	16	-1.410710	0.000000	0.364825
EVM 645	18	-0.208482	0.000000	0.163539
EVM 646	16	-1.517751	0.000000	0.464033
EVM 647	16	-1.500806	0.000000	0.448089
EVM 648	18	-0.213217	0.000000	0.165168
EVM 649	17	1.500963	0.000000	0.448236
EVM 650	20	-0.630767	0.000000	0.208854
EVM 651	17	1.057118	0.000000	0.156009
EVM 652	17	1.060423	0.000000	0.155556
EVM 653	17	1.488077	0.000000	0.436160
EVM 654	19	0.214851	0.000000	0.165757
EVM 655	17	1.389003	0.000000	0.345277
EVM 656	21	0.650881	0.000000	0.195864
EVM 657	17	1.072527	0.000000	0.154490
EVM 658	20	-0.644121	0.000000	0.200098
EVM 659	20	-0.644859	0.000000	0.199629
EVM 660	17	1.072924	0.000000	0.154471
EVM 661	21	0.642999	0.000000	0.200814
EVM 662	19	0.208517	0.000000	0.163550
EVM 663	19	0.183437	0.000000	0.157030
EVM 664	19	0.231028	0.000000	0.172326
EVM 665	17	1.164833	0.000000	0.176026
EVM 666	21	0.714991	0.000000	0.164331
EVM 667	19	0.203386	0.000000	0.161922
EVM 668	17	1.460378	0.000000	0.410369
EVM 669	17	1.377518	0.000000	0.335042
EVM 670	20	-0.620188	0.000000	0.216125
EVM 671	16	-1.493150	0.000000	0.440909
EVM 672	16	-1.494916	0.000000	0.442563
EVM 673	17	1.081539	0.000000	0.154310
EVM 674	19	0.216277	0.000000	0.166284
EVM 675	17	1.483971	0.000000	0.432322
EVM 676	18	-0.214049	0.000000	0.165466
EVM 677	18	-0.212846	0.000000	0.165036
EVM 678	18	-0.212680	0.000000	0.164977
EVM 679	17	1.498055	0.000000	0.445507
EVM 680	17	1.069423	0.000000	0.154674
EVM 681	17	1.507509	0.000000	0.454388
EVM 682	17	1.384076	0.000000	0.340876
EVM 683	18	-0.212696	0.000000	0.164982
EVM 684	17	1.493766	0.000000	0.441486
EVM 685	19	0.212358	0.000000	0.164863
EVM 686	16	-1.072070	0.000000	0.154513
EVM 687	19	0.215252	0.000000	0.165904
EVM 688	17	1.069520	0.000000	0.154667
EVM 689	20	-0.644106	0.000000	0.200108
EVM 690	17	1.495730	0.000000	0.443327
EVM 691	16	-1.078549	0.000000	0.154311
EVM 692	17	1.075899	0.000000	0.154361
EVM 693	16	-1.068184	0.000000	0.154765
EVM 694	20	-0.643458	0.000000	0.200521
EVM 695	18	-0.214530	0.000000	0.165641
EVM 696	16	-1.409621	0.000000	0.363838
EVM 697	16	-1.070449	0.000000	0.154606
EVM 698	21	0.647507	0.000000	0.197959
EVM 699	17	1.501479	0.000000	0.448721
EVM 700	16	-1.500754	0.000000	0.448040
EVM 701	16	-1.067901	0.000000	0.154787
EVM 702	17	1.481177	0.000000	0.429714
EVM 703	16	-1.493873	0.000000	0.441586
EVM 704	16	-1.075891	0.000000	0.154361
EVM 705	16	-1.070983	0.000000	0.154574
EVM 706	17	1.501517	0.000000	0.448756
EVM 707	17	1.393726	0.000000	0.349508
EVM 708	18	-0.218499	0.000000	0.167124
EVM 709	19	0.212976	0.000000	0.165082
EVM 710	17	1.079166	0.000000	0.154306
EVM 711	17	1.503941	0.000000	0.451033
EVM 712	21	0.658670	0.000000	0.191164
EVM 713	16	-1.087773	0.000000	0.154493
EVM 714	16	-1.104319	0.000000	0.156189
EVM 715	20	-0.665148	0.000000	0.187413
EVM 716	18	-0.238477	0.000000	0.175769
EVM 717	16	-1.587411	0.000000	0.530236
EVM 718	16	-1.066404	0.000000	0.154912
EVM 719	20	-0.625971	0.000000	0.212116
EVM 720	17	1.448699	0.000000	0.399572
EVM 721	17	1.376117	0.000000	0.333799
EVM 722	17	1.078881	0.000000	0.154308
EVM 723	19	0.211940	0.000000	0.164716
EVM 724	18	-0.209438	0.000000	0.163858
EVM 725	19	0.223946	0.000000	0.169292
EVM 726	16	-1.053233	0.000000	0.156629
EVM 727	16	-1.493953	0.000000	0.441661
EVM 728	19	0.211336	0.000000	0.164506
EVM 729	16	-1.074242	0.000000	0.154415
EVM 730	16	-1.496080	0.000000	0.443655
EVM 731	18	-0.215198	0.000000	0.165884
EVM 732	16	-1.499800	0.000000	0.447144
EVM 733	16	-1.073661	0.000000	0.154439
EVM 734	17	1.384421	0.000000	0.341184
EVM 735	20	-0.643232	0.000000	0.200665
EVM 736	21	0.642107	0.000000	0.201386
EVM 737	17	1.069956	0.000000	0.154638
EVM 738	18	-0.212523	0.000000	0.164921
EVM 739	20	-0.643616	0.000000	0.200420
EVM 740	20	-0.641977	0.000000	0.201470
EVM 741	21	0.641643	0.000000	0.201685
EVM 742	20	-0.646069	0.000000	0.198863
EVM 743	16	-1.507498	0.000000	0.454377
EVM 744	19	0.215765	0.000000	0.166093
EVM 745	18	-0.221280	0.000000	0.168212
EVM 746	19	0.216820	0.000000	0.166487
EVM 747	16	-1.075341	0.000000	0.154377
EVM 748	16	-1.413841	0.000000	0.367664
EVM 749	17	1.050402	0.000000	0.157140
EVM 750	21	0.658936	0.000000	0.191008
EVM 751	19	0.216027	0.000000	0.166190
EVM 752	16	-1.500216	0.000000	0.447535
EVM 753	17	1.500851	0.000000	0.448131
EVM 754	16	-1.489464	0.000000	0.437457
EVM 755	18	-0.205188	0.000000	0.162477
EVM 756	17	1.503662	0.000000	0.450771
EVM 757	21	0.632924	0.000000	0.207407
EVM 758	16	-1.502985	0.000000	0.450135
EVM 759	17	1.393762	0.000000	0.349541
EVM 760	16	-1.074058	0.000000	0.154423
EVM 761	17	1.508471	0.000000	0.455293
EVM 762	16	-1.061682	0.000000	0.155401
EVM 763	16	-1.503437	0.000000	0.450559
EVM 764	19	0.218869	0.000000	0.167267
EVM 765	16	-1.074827	0.000000	0.154394
EVM 766	18	-0.206334	0.000000	0.162839
EVM 767	18	-0.237102	0.000000	0.175115
EVM 768	21	0.651632	0.000000	0.195402
EVM 769	19	0.260102	0.000000	0.187091
EVM 770	19	0.126948	0.000000	0.156709
EVM 771	16	-1.488690	0.000000	0.436734
EVM 772	19	0.190050	0.000000	0.158390
EVM 773	17	1.377586	0.000000	0.335103
EVM 774	16	-1.066827	0.000000	0.154875
EVM 775	19	0.217944	0.000000	0.166912
EVM 776	16	-1.493739	0.000000	0.441460
EVM 777	18	-0.220693	0.000000	0.167979
EVM 778	18	-0.208586	0.000000	0.163573
EVM 779	18	-0.204215	0.000000	0.162175
EVM 780	17	1.501630	0.000000	0.448862
EVM 781	16	-1.070837	0.000000	0.154583
EVM 782	16	-1.493120	0.000000	0.440881
EVM 783	19	0.215491	0.000000	0.165992
EVM 784	19	0.215468	0.000000	0.165984
EVM 785	16	-1.073590	0.000000	0.154442
EVM 786	17	1.384117	0.000000	0.340913
EVM 787	17	1.500270	0.000000	0.447586
EVM 788	21	0.639632	0.000000	0.202985
EVM 789	21	0.643731	0.000000	0.200347
EVM 790	20	-0.643157	0.000000	0.200713
EVM 791	18	-0.215953	0.000000	0.166163
EVM 792	21	0.639004	0.000000	0.203394
EVM 793	16	-1.073968	0.000000	0.154426
EVM 794	21	0.641729	0.000000	0.201629
EVM 795	18	-0.210335	0.000000	0.164162
EVM 796	20	-0.646330	0.000000	0.198699
EVM 797	19	0.208928	0.000000	0.163687
EVM 798	21	0.643178	0.000000	0.200700
EVM 799	16	-1.509850	0.000000	0.456590
EVM 800	16	-1.409722	0.000000	0.363930
EVM 801	19	0.221747	0.000000	0.168399
EVM 802	18	-0.212965	0.000000	0.165078
EVM 803	21	0.651482	0.000000	0.195494
EVM 804	19	0.217013	0.000000	0.166559
EVM 805	20	-0.637168	0.000000	0.204595
EVM 806	21	0.641614	0.000000	0.201703
EVM 807	21	0.631802	0.000000	0.208158
EVM 808	16	-1.499148	0.000000	0.446532
EVM 809	20	-0.633896	0.000000	0.206758
EVM 810	19	0.212439	0.000000	0.164892
EVM 811	17	1.393383	0.000000	0.349201
EVM 812	18	-0.214782	0.000000	0.165732
EVM 813	17	1.080072	0.000000	0.154303
EVM 814	18	-0.211854	0.000000	0.164687
EVM 815	17	1.506059	0.000000	0.453024
EVM 816	17	1.086772	0.000000	0.154447
EVM 817	17	1.081742	0.000000	0.154312
EVM 818	17	1.098538	0.000000	0.155398
EVM 819	21	0.665045	0.000000	0.187472
EVM 820	17	1.115177	0.000000	0.158235
EVM 821	20	-0.803241	0.000000	0.157531
EVM 822	16	-1.051774	0.000000	0.156886
EVM 823	19	0.182348	0.000000	0.156831
EVM 824	16	-1.508069	0.000000	0.454914
EVM 825	17	1.375927	0.000000	0.333631
EVM 826	21	0.622013	0.000000	0.214851
EVM 827	20	-0.641707	0.000000	0.201643
EVM 828	18	-0.212876	0.000000	0.165046
EVM 829	18	-0.216984	0.000000	0.166549
EVM 830	19	0.212338	0.000000	0.164856
EVM 831	16	-1.500164	0.000000	0.447486
EVM 832	21	0.640618	0.000000	0.202346
EVM 833	16	-1.070405	0.000000	0.154609
EVM 834	21	0.643303	0.000000	0.200620
EVM 835	16	-1.071667	0.000000	0.154535
EVM 836	17	1.071329	0.000000	0.154554
EVM 837	17	1.080707	0.000000	0.154304
EVM 838	17	1.384696	0.000000	0.341429
EVM 839	17	1.069856	0.000000	0.154645
EVM 840	20	-0.639297	0.000000	0.203204
EVM 841	16	-1.070193	0.000000	0.154623
EVM 842	20	-0.644283	0.000000	0.199995
EVM 843	19	0.214502	0.000000	0.165630
EVM 844	20	-0.640991	0.000000	0.202105
EVM 845	17	1.065789	0.000000	0.154968
EVM 846	18	-0.215633	0.000000	0.166045
EVM 847	16	-1.503169	0.000000	0.450308
EVM 848	17	1.077081	0.000000	0.154333
EVM 849	17	1.063315	0.000000	0.155216
EVM 850	16	-1.499612	0.000000	0.446968
EVM 851	17	1.079338	0.000000	0.154305
EVM 852	16	-1.411107	0.000000	0.365184
EVM 853	16	-1.511431	0.000000	0.458079
EVM 854	16	-1.514590	0.000000	0.461054
EVM 855	20	-0.643234	0.000000	0.200664
EVM 856	20	-0.644735	0.000000	0.199708
EVM 857	17	1.072019	0.000000	0.154516
EVM 858	21	0.643228	0.000000	0.200668
EVM 859	17	1.493729	0.000000	0.441451
EVM 860	17	1.072838	0.000000	0.154475
EVM 861	19	0.207591	0.000000	0.163245
EVM 862	21	0.646473	0.000000	0.198609
EVM 863	17	1.390495	0.000000	0.346612
EVM 864	20	-0.644753	0.000000	0.199697
EVM 865	19	0.208705	0.000000	0.163612
EVM 866	17	1.077400	0.000000	0.154327
EVM 867	19	0.222080	0.000000	0.168532
EVM 868	21	0.652142	0.000000	0.195089
EVM 869	18	-0.211759	0.000000	0.164653
EVM 870	18	-0.239589	0.000000	0.176304
EVM 871	16	-1.095240	0.000000	0.155042
EVM 872	17	1.077445	0.000000	0.154327
EVM 873	17	1.140727	0.000000	0.165778
EVM 874	17	1.399131	0.000000	0.354366
EVM 875	18	-0.216341	0.000000	0.166308
EVM 876	19	0.205299	0.000000	0.162512
EVM 877	17	1.379153	0.000000	0.336494
EVM 878	17	1.077874	0.000000	0.154320
EVM 879	19	0.216138	0.000000	0.166232
EVM 880	17	1.070433	0.000000	0.154607
EVM 881	17	1.501573	0.000000	0.448809
EVM 882	16	-1.055648	0.000000	0.156232
EVM 883	16	-1.494749	0.000000	0.442407
EVM 884	20	-0.639506	0.000000	0.203067
EVM 885	17	1.505043	0.000000	0.452069
EVM 886	20	-0.645719	0.000000	0.199085
EVM 887	16	-1.071022	0.000000	0.154572
EVM 888	21	0.645522	0.000000	0.199209
EVM 889	17	1.076269	0.000000	0.154352
EVM 890	17	1.384827	0.000000	0.341546
EVM 891	21	0.639605	0.000000	0.203003
EVM 892	21	0.641401	0.000000	0.201840
EVM 893	21	0.641265	0.000000	0.201928
EVM 894	19	0.210771	0.000000	0.164311
EVM 895	20	-0.640882	0.000000	0.202176
EVM 896	20	-0.640731	0.000000	0.202273
EVM 897	16	-1.069470	0.000000	0.154671
EVM 898	16	-1.495794	0.000000	0.443386
EVM 899	17	1.506213	0.000000	0.453169
EVM 900	17	1.508936	0.000000	0.455729
EVM 901	16	-1.492868	0.000000	0.440645
EVM 902	19	0.211677	0.000000	0.164625
EVM 903	18	-0.213315	0.000000	0.165203
EVM 904	16	-1.409584	0.000000	0.363804
EVM 905	17	1.510395	0.000000	0.457103
EVM 906	20	-0.647588	0.000000	0.197908
EVM 907	16	-1.502091	0.000000	0.449295
EVM 908	16	-1.497927	0.000000	0.445387
EVM 909	19	0.210808	0.000000	0.164324
EVM 910	16	-1.478969	0.000000	0.427653
EVM 911	17	1.489751	0.000000	0.437726
EVM 912	20	-0.638137	0.000000	0.203960
EVM 913	21	0.636598	0.000000	0.204970
EVM 914	20	-0.639430	0.000000	0.203117
EVM 915	17	1.391925	0.000000	0.347894
EVM 916	17	1.083043	0.000000	0.154331
EVM 917	20	-0.649188	0.000000	0.196911
EVM 918	16	-1.064963	0.000000	0.155046
EVM 919	18	-0.213172	0.000000	0.165151
EVM 920	19	0.221266	0.000000	0.168207
EVM 921	17	1.510220	0.000000	0.456938
EVM 922	21	0.652863	0.000000	0.194649
EVM 923	17	1.062436	0.000000	0.155314
EVM 924	17	1.104381	0.000000	0.156198
EVM 925	19	0.148699	0.000000	0.154405
EVM 926	18	-0.158616	0.000000	0.154364
EVM 927	17	1.512070	0.000000	0.458680
EVM 928	16	-1.019660	0.000000	0.165727
EVM 929	17	1.377218	0.000000	0.334776
EVM 930	20	-0.644262	0.000000	0.200008
EVM 931	17	1.070403	0.000000	0.154609
EVM 932	19	0.210035	0.000000	0.164060
EVM 933	17	1.503321	0.000000	0.450451
EVM 934	17	1.055235	0.000000	0.156298
EVM 935	21	0.650460	0.000000	0.196123
EVM 936	20	-0.644389	0.000000	0.199927
EVM 937	17	1.074289	0.000000	0.154414
EVM 938	20	-0.642278	0.000000	0.201276
EVM 939	17	1.498267	0.000000	0.445705
EVM 940	20	-0.647364	0.000000	0.198049
EVM 941	19	0.218320	0.000000	0.167056
EVM 942	17	1.384252	0.000000	0.341033
EVM 943	16	-1.069354	0.000000	0.154679
EVM 944	21	0.640631	0.000000	0.202338
EVM 945	16	-1.488960	0.000000	0.436986
EVM 946	16	-1.071492	0.000000	0.154545
EVM 947	16	-1.067515	0.000000	0.154818
EVM 948	18	-0.210606	0.000000	0.164254
EVM 949	16	-1.068203	0.000000	0.154763
EVM 950	16	-1.068517	0.000000	0.154739
EVM 951	17	1.500991	0.000000	0.448263
EVM 952	16	-1.500306	0.000000	0.447619
EVM 953	20	-0.642432	0.000000	0.201177
EVM 954	16	-1.064088	0.000000	0.155134
EVM 955	21	0.643850	0.000000	0.200271
EVM 956	16	-1.406771	0.000000	0.361259
EVM 957	23	0.593067	0.000000	0.201867
EVM 958	21	0.656982	0.000000	0.192166
EVM 959	17	1.503329	0.000000	0.450458
EVM 960	20	-0.642669	0.000000	0.201026
EVM 961	16	-1.493983	0.000000	0.441689
EVM 962	16	-1.502229	0.000000	0.449425
EVM 963	16	-1.057436	0.000000	0.155962
EVM 964	16	-1.069280	0.000000	0.154684
EVM 965	16	-1.497217	0.000000	0.444721
EVM 966	17	1.071679	0.000000	0.154534
EVM 967	17	1.390906	0.000000	0.346980
EVM 968	17	1.513488	0.000000	0.460016
EVM 969	16	-1.501551	0.000000	0.448788
EVM 970	18	-0.220486	0.000000	0.167898
EVM 971	17	1.517179	0.000000	0.463495
EVM 972	20	-0.655705	0.000000	0.192930
EVM 973	19	0.216703	0.000000	0.166443
EVM 974	18	-0.230577	0.000000	0.172125
EVM 975	16	-1.510232	0.000000	0.456950
EVM 976	17	1.122617	0.000000	0.160048
EVM 977	20	-0.803124	0.000000	0.157507
EVM 978	16	-1.430398	0.000000	0.382755
EVM 979	18	-0.195044	0.000000	0.159591
EVM 980	22	-0.611139	0.000000	0.213966
EVM 981	17	1.374773	0.000000	0.332608
EVM 982	21	0.636536	0.000000	0.205011
EVM 983	17	1.488237	0.000000	0.436310
EVM 984	20	-0.642748	0.000000	0.200975
EVM 985	16	-1.074376	0.000000	0.154410
EVM 986	17	1.478792	0.000000	0.427489
