EVM 0	16	-1.465022	0.000000	0.414676
EVM 1	17	1.455026	0.000000	0.405415
EVM 2	17	1.463681	0.000000	0.413432
EVM 3	16	-1.459121	0.000000	0.409205
EVM 4	16	-1.455638	0.000000	0.405981
EVM 5	17	1.455720	0.000000	0.406057
EVM 6	17	1.357384	0.000000	0.317306
EVM 7	18	-0.204278	0.000000	0.162194
EVM 8	18	-0.210063	0.000000	0.164069
EVM 9	18	-0.211032	0.000000	0.164401
EVM 10	16	-1.459779	0.000000	0.409814
EVM 11	21	0.623786	0.000000	0.213621
EVM 12	17	1.462457	0.000000	0.412296
EVM 13	17	1.046983	0.000000	0.157822
EVM 14	18	-0.211476	0.000000	0.164555
EVM 15	16	-1.035226	0.000000	0.160702
EVM 16	18	-0.216763	0.000000	0.166465
EVM 17	21	0.630252	0.000000	0.209202
EVM 18	17	1.050967	0.000000	0.157034
EVM 19	16	-1.462209	0.000000	0.412067
EVM 20	16	-1.367572	0.000000	0.326246
EVM 21	21	0.646356	0.000000	0.198683
EVM 22	23	0.602740	0.000000	0.208235
EVM 23	19	0.199827	0.000000	0.160879
EVM 24	19	0.204895	0.000000	0.162386
EVM 25	16	-1.468884	0.000000	0.418263
EVM 26	16	-1.470736	0.000000	0.419985
EVM 27	18	-0.209442	0.000000	0.163859
EVM 28	16	-1.045158	0.000000	0.158215
EVM 29	17	1.471305	0.000000	0.420515
EVM 30	17	1.467498	0.000000	0.416976
EVM 31	17	1.361222	0.000000	0.320665
EVM 32	17	1.050287	0.000000	0.157161
EVM 33	17	1.460494	0.000000	0.410477
EVM 34	16	-1.472597	0.000000	0.421717
EVM 35	19	0.221404	0.000000	0.168262
EVM 36	21	0.636699	0.000000	0.204903
EVM 37	17	1.458852	0.000000	0.408956
EVM 38	17	1.425297	0.000000	0.378093
EVM 39	18	-0.218510	0.000000	0.167129
EVM 40	21	0.618681	0.000000	0.217183
EVM 41	19	0.125721	0.000000	0.156928
EVM 42	17	1.051607	0.000000	0.156916
EVM 43	21	0.639337	0.000000	0.203177
EVM 44	17	1.082628	0.000000	0.154324
EVM 45	17	1.355646	0.000000	0.315788
EVM 46	20	-0.630114	0.000000	0.209294
EVM 47	16	-1.045508	0.000000	0.158138
EVM 48	19	0.210221	0.000000	0.164123
EVM 49	17	1.462413	0.000000	0.412256
EVM 50	21	0.633182	0.000000	0.207234
EVM 51	16	-1.054964	0.000000	0.156341
EVM 52	21	0.630737	0.000000	0.208874
EVM 53	20	-0.624676	0.000000	0.213006
EVM 54	16	-1.458481	0.000000	0.408613
EVM 55	18	-0.211701	0.000000	0.164633
EVM 56	16	-1.037299	0.000000	0.160136
EVM 57	21	0.629353	0.000000	0.209809
EVM 58	17	1.356814	0.000000	0.316808
EVM 59	16	-1.039107	0.000000	0.159662
EVM 60	20	-0.628429	0.000000	0.210437
EVM 61	17	1.048202	0.000000	0.157571
EVM 62	19	0.205229	0.000000	0.162490
EVM 63	18	-0.209431	0.000000	0.163855
EVM 64	21	0.623328	0.000000	0.213938
EVM 65	18	-0.211429	0.000000	0.164538
EVM 66	16	-1.460922	0.000000	0.410873
EVM 67	16	-1.447438	0.000000	0.398409
EVM 68	18	-0.212152	0.000000	0.164791
EVM 69	17	1.046839	0.000000	0.157852
EVM 70	17	1.465214	0.000000	0.414855
EVM 71	16	-1.449907	0.000000	0.400687
EVM 72	16	-1.377926	0.000000	0.335404
EVM 73	16	-1.485736	0.000000	0.433971
EVM 74	17	1.470494	0.000000	0.419760
EVM 75	21	0.634601	0.000000	0.206290
EVM 76	17	1.044934	0.000000	0.158265
EVM 77	16	-1.047794	0.000000	0.157654
EVM 78	16	-1.475919	0.000000	0.424810
EVM 79	17	1.469534	0.000000	0.418868
EVM 80	20	-0.627686	0.000000	0.210942
EVM 81	19	0.213165	0.000000	0.165149
EVM 82	20	-0.624809	0.000000	0.212915
EVM 83	17	1.364350	0.000000	0.323410
EVM 84	17	1.446011	0.000000	0.397093
EVM 85	16	-1.033322	0.000000	0.161245
EVM 86	18	-0.209211	0.000000	0.163782
EVM 87	17	1.024354	0.000000	0.164072
EVM 88	20	-0.634010	0.000000	0.206682
EVM 89	16	-1.472414	0.000000	0.421547
EVM 90	21	0.633121	0.000000	0.207275
EVM 91	17	1.068949	0.000000	0.154707
EVM 92	16	-1.460167	0.000000	0.410174
EVM 93	17	1.528505	0.000000	0.474189
EVM 94	21	0.635146	0.000000	0.205929
EVM 95	17	1.495673	0.000000	0.443273
EVM 96	17	1.504163	0.000000	0.451242
EVM 97	17	1.359973	0.000000	0.319571
EVM 98	17	1.474626	0.000000	0.423606
EVM 99	17	1.461217	0.000000	0.411147
EVM 100	20	-0.625703	0.000000	0.212300
EVM 101	20	-0.619325	0.000000	0.216730
EVM 102	21	0.629200	0.000000	0.209913
EVM 103	17	1.469432	0.000000	0.418773
EVM 104	19	0.206215	0.000000	0.162802
EVM 105	20	-0.618630	0.000000	0.217219
EVM 106	20	-0.626752	0.000000	0.211581
EVM 107	19	0.207733	0.000000	0.163292
EVM 108	18	-0.209324	0.000000	0.163819
EVM 109	23	0.614064	0.000000	0.216003
EVM 110	17	1.356399	0.000000	0.316446
EVM 111	19	0.207595	0.000000	0.163247
EVM 112	16	-1.457950	0.000000	0.408121
EVM 113	21	0.633302	0.000000	0.207154
EVM 114	17	1.459342	0.000000	0.409410
EVM 115	20	-0.622772	0.000000	0.214323
EVM 116	16	-1.459703	0.000000	0.409744
EVM 117	17	1.458951	0.000000	0.409047
EVM 118	21	0.617955	0.000000	0.217694
EVM 119	21	0.625250	0.000000	0.212611
EVM 120	19	0.212986	0.000000	0.165085
EVM 121	20	-0.629007	0.000000	0.210044
EVM 122	16	-1.467223	0.000000	0.416720
EVM 123	16	-1.469632	0.000000	0.418959
EVM 124	16	-1.370773	0.000000	0.329069
EVM 125	20	-0.645471	0.000000	0.199241
EVM 126	19	0.199168	0.000000	0.160693
EVM 127	23	0.613782	0.000000	0.215805
EVM 128	16	-1.042018	0.000000	0.158939
EVM 129	21	0.623646	0.000000	0.213718
EVM 130	17	1.052922	0.000000	0.156683
EVM 131	16	-1.051274	0.000000	0.156977
EVM 132	20	-0.624402	0.000000	0.213195
EVM 133	20	-0.631921	0.000000	0.208078
EVM 134	16	-1.038751	0.000000	0.159754
EVM 135	17	1.365133	0.000000	0.324099
EVM 136	22	-0.615018	0.000000	0.216671
EVM 137	21	0.619720	0.000000	0.216453
EVM 138	20	-0.629313	0.000000	0.209837
EVM 139	17	1.052196	0.000000	0.156810
EVM 140	19	0.203297	0.000000	0.161895
EVM 141	16	-1.458744	0.000000	0.408856
EVM 142	17	1.055599	0.000000	0.156240
EVM 143	16	-1.069795	0.000000	0.154649
EVM 144	22	-0.576705	0.000000	0.191726
EVM 145	21	0.721079	0.000000	0.162337
EVM 146	16	-1.030146	0.000000	0.162195
EVM 147	21	0.638629	0.000000	0.203639
EVM 148	19	0.207622	0.000000	0.163255
EVM 149	17	1.357625	0.000000	0.317517
EVM 150	19	0.216621	0.000000	0.166412
EVM 151	21	0.624450	0.000000	0.213162
EVM 152	16	-1.464016	0.000000	0.413743
EVM 153	19	0.204924	0.000000	0.162394
EVM 154	18	-0.211046	0.000000	0.164406
EVM 155	18	-0.209445	0.000000	0.163860
EVM 156	17	1.047353	0.000000	0.157745
EVM 157	16	-1.449963	0.000000	0.400738
EVM 158	17	1.457170	0.000000	0.407398
EVM 159	21	0.628875	0.000000	0.210134
EVM 160	21	0.623910	0.000000	0.213535
EVM 161	17	1.043645	0.000000	0.158557
EVM 162	17	1.358555	0.000000	0.318330
EVM 163	19	0.211445	0.000000	0.164544
EVM 164	19	0.209038	0.000000	0.163723
EVM 165	19	0.210020	0.000000	0.164054
EVM 166	16	-1.459079	0.000000	0.409166
EVM 167	16	-1.461197	0.000000	0.411129
EVM 168	16	-1.042884	0.000000	0.158733
EVM 169	16	-1.042540	0.000000	0.158815
EVM 170	19	0.207465	0.000000	0.163204
EVM 171	19	0.207331	0.000000	0.163161
EVM 172	17	1.045743	0.000000	0.158087
EVM 173	21	0.627002	0.000000	0.211410
EVM 174	17	1.465584	0.000000	0.415198
EVM 175	18	-0.220068	0.000000	0.167734
EVM 176	16	-1.376196	0.000000	0.333869
EVM 177	17	1.460266	0.000000	0.410265
EVM 178	18	-0.191970	0.000000	0.158834
EVM 179	17	1.472826	0.000000	0.421930
EVM 180	21	0.627776	0.000000	0.210881
EVM 181	17	1.466257	0.000000	0.415823
EVM 182	21	0.628890	0.000000	0.210124
EVM 183	16	-1.470172	0.000000	0.419461
EVM 184	19	0.206537	0.000000	0.162904
EVM 185	21	0.628807	0.000000	0.210180
EVM 186	16	-1.465239	0.000000	0.414877
EVM 187	17	1.363363	0.000000	0.322543
EVM 188	16	-1.052058	0.000000	0.156835
EVM 189	20	-0.640449	0.000000	0.202456
EVM 190	19	0.207341	0.000000	0.163164
EVM 191	16	-1.436749	0.000000	0.388576
EVM 192	16	-1.050473	0.000000	0.157126
EVM 193	18	-0.224262	0.000000	0.169422
EVM 194	19	0.202874	0.000000	0.161767
EVM 195	17	1.076865	0.000000	0.154338
EVM 196	17	1.028972	0.000000	0.162561
EVM 197	16	-1.592395	0.000000	0.535006
EVM 198	20	-0.656453	0.000000	0.192482
EVM 199	20	-0.642127	0.000000	0.201373
EVM 200	19	0.227474	0.000000	0.170773
EVM 201	17	1.357650	0.000000	0.317538
EVM 202	16	-1.476331	0.000000	0.425194
EVM 203	21	0.627160	0.000000	0.211302
EVM 204	18	-0.207127	0.000000	0.163095
EVM 205	18	-0.199657	0.000000	0.160831
EVM 206	19	0.213368	0.000000	0.165221
EVM 207	17	1.467589	0.000000	0.417060
EVM 208	16	-1.043675	0.000000	0.158550
EVM 209	20	-0.619617	0.000000	0.216525
EVM 210	18	-0.210632	0.000000	0.164263
EVM 211	17	1.048730	0.000000	0.157464
EVM 212	17	1.450039	0.000000	0.400808
EVM 213	16	-1.458594	0.000000	0.408717
EVM 214	17	1.357637	0.000000	0.317527
EVM 215	17	1.459822	0.000000	0.409855
EVM 216	17	1.459028	0.000000	0.409119
EVM 217	18	-0.206781	0.000000	0.162983
EVM 218	21	0.626371	0.000000	0.211842
EVM 219	16	-1.049010	0.000000	0.157409
EVM 220	18	-0.210818	0.000000	0.164327
EVM 221	16	-1.038095	0.000000	0.159925
EVM 222	17	1.043949	0.000000	0.158487
EVM 223	17	1.037344	0.000000	0.160124
EVM 224	17	1.461431	0.000000	0.411346
EVM 225	16	-1.464475	0.000000	0.414169
EVM 226	16	-1.039692	0.000000	0.159513
EVM 227	19	0.201737	0.000000	0.161429
EVM 228	16	-1.371827	0.000000	0.330000
EVM 229	17	1.071980	0.000000	0.154518
EVM 230	19	0.174976	0.000000	0.155682
EVM 231	19	0.217758	0.000000	0.166841
EVM 232	18	-0.206451	0.000000	0.162877
EVM 233	21	0.630010	0.000000	0.209365
EVM 234	17	1.482156	0.000000	0.430627
EVM 235	17	1.049376	0.000000	0.157337
EVM 236	18	-0.210976	0.000000	0.164381
EVM 237	17	1.469027	0.000000	0.418396
EVM 238	20	-0.623597	0.000000	0.213751
EVM 239	17	1.360466	0.000000	0.320002
EVM 240	19	0.194572	0.000000	0.159471
EVM 241	20	-0.628551	0.000000	0.210354
EVM 242	19	0.206843	0.000000	0.163003
EVM 243	16	-1.469136	0.000000	0.418498
EVM 244	21	0.628010	0.000000	0.210722
EVM 245	20	-0.633673	0.000000	0.206907
EVM 246	18	-0.245330	0.000000	0.179152
EVM 247	19	0.201454	0.000000	0.161347
EVM 248	17	1.421195	0.000000	0.374352
EVM 249	16	-1.208656	0.000000	0.200824
EVM 250	16	-1.525672	0.000000	0.471512
EVM 251	19	0.209311	0.000000	0.163815
EVM 252	18	-0.224216	0.000000	0.169403
EVM 253	17	1.359295	0.000000	0.318977
EVM 254	19	0.213359	0.000000	0.165218
EVM 255	17	1.044260	0.000000	0.158416
EVM 256	17	1.048300	0.000000	0.157551
EVM 257	21	0.632951	0.000000	0.207389
EVM 258	17	1.468482	0.000000	0.417890
EVM 259	17	1.466696	0.000000	0.416230
EVM 260	16	-1.046574	0.000000	0.157908
EVM 261	20	-0.622170	0.000000	0.214742
EVM 262	18	-0.204069	0.000000	0.162130
EVM 263	16	-1.043481	0.000000	0.158594
EVM 264	16	-1.038713	0.000000	0.159763
EVM 265	18	-0.202503	0.000000	0.161656
EVM 266	17	1.355969	0.000000	0.316070
EVM 267	20	-0.627559	0.000000	0.211029
EVM 268	17	1.463467	0.000000	0.413234
EVM 269	17	1.048319	0.000000	0.157547
EVM 270	17	1.043969	0.000000	0.158482
EVM 271	18	-0.205305	0.000000	0.162514
EVM 272	16	-1.045040	0.000000	0.158241
EVM 273	21	0.629568	0.000000	0.209664
EVM 274	19	0.207135	0.000000	0.163097
EVM 275	16	-1.041145	0.000000	0.159150
EVM 276	17	1.446358	0.000000	0.397414
EVM 277	20	-0.628663	0.000000	0.210277
EVM 278	20	-0.623906	0.000000	0.213538
EVM 279	22	-0.612463	0.000000	0.214885
EVM 280	16	-1.377808	0.000000	0.335300
EVM 281	23	0.604654	0.000000	0.209525
EVM 282	21	0.625429	0.000000	0.212488
EVM 283	19	0.209142	0.000000	0.163758
EVM 284	16	-1.462424	0.000000	0.412266
EVM 285	20	-0.633963	0.000000	0.206714
EVM 286	18	-0.211831	0.000000	0.164678
EVM 287	21	0.628818	0.000000	0.210173
EVM 288	16	-1.044947	0.000000	0.158262
EVM 289	16	-1.053410	0.000000	0.156599
EVM 290	21	0.626616	0.000000	0.211674
EVM 291	17	1.361598	0.000000	0.320995
EVM 292	17	1.035398	0.000000	0.160654
EVM 293	17	1.449880	0.000000	0.400662
EVM 294	21	0.628015	0.000000	0.210719
EVM 295	16	-1.050511	0.000000	0.157119
EVM 296	16	-1.019892	0.000000	0.165642
EVM 297	17	1.467853	0.000000	0.417306
EVM 298	22	-0.603092	0.000000	0.208472
EVM 299	19	0.194943	0.000000	0.159565
EVM 300	18	-0.174157	0.000000	0.155575
EVM 301	19	0.141338	0.000000	0.154847
EVM 302	18	-0.212991	0.000000	0.165087
EVM 303	18	-0.207562	0.000000	0.163236
EVM 304	20	-0.655218	0.000000	0.193222
EVM 305	17	1.359947	0.000000	0.319548
EVM 306	18	-0.204190	0.000000	0.162167
EVM 307	16	-1.465233	0.000000	0.414872
EVM 308	18	-0.210179	0.000000	0.164108
EVM 309	17	1.450493	0.000000	0.401227
EVM 310	18	-0.207405	0.000000	0.163185
EVM 311	20	-0.626749	0.000000	0.211583
EVM 312	19	0.212051	0.000000	0.164755
EVM 313	18	-0.208984	0.000000	0.163706
EVM 314	18	-0.207580	0.000000	0.163242
EVM 315	17	1.040314	0.000000	0.159356
EVM 316	17	1.450970	0.000000	0.401668
EVM 317	16	-1.454354	0.000000	0.404794
EVM 318	17	1.356487	0.000000	0.316522
EVM 319	16	-1.462611	0.000000	0.412439
EVM 320	17	1.463130	0.000000	0.412920
EVM 321	16	-1.046239	0.000000	0.157980
EVM 322	21	0.624861	0.000000	0.212879
EVM 323	16	-1.461985	0.000000	0.411859
EVM 324	16	-1.459595	0.000000	0.409644
EVM 325	20	-0.626357	0.000000	0.211851
EVM 326	18	-0.207732	0.000000	0.163292
EVM 327	16	-1.449204	0.000000	0.400038
EVM 328	18	-0.204121	0.000000	0.162146
EVM 329	19	0.215096	0.000000	0.165847
EVM 330	19	0.208550	0.000000	0.163561
EVM 331	19	0.207316	0.000000	0.163156
EVM 332	16	-1.378135	0.000000	0.335590
EVM 333	17	1.496710	0.000000	0.444246
EVM 334	16	-1.463081	0.000000	0.412875
EVM 335	17	1.046200	0.000000	0.157988
EVM 336	17	1.033175	0.000000	0.161288
EVM 337	17	1.464636	0.000000	0.414318
EVM 338	17	1.057263	0.000000	0.155988
EVM 339	19	0.208627	0.000000	0.163587
EVM 340	18	-0.210206	0.000000	0.164118
EVM 341	21	0.627784	0.000000	0.210876
EVM 342	21	0.632921	0.000000	0.207409
EVM 343	17	1.363754	0.000000	0.322887
EVM 344	16	-1.461054	0.000000	0.410996
EVM 345	18	-0.211769	0.000000	0.164657
EVM 346	16	-1.472493	0.000000	0.421620
EVM 347	21	0.637874	0.000000	0.204132
EVM 348	18	-0.231744	0.000000	0.172646
EVM 349	16	-1.475431	0.000000	0.424355
EVM 350	20	-0.643321	0.000000	0.200608
EVM 351	20	-0.655600	0.000000	0.192993
EVM 352	22	-0.570222	0.000000	0.187951
EVM 353	19	0.158661	0.000000	0.154365
EVM 354	19	0.226331	0.000000	0.170286
EVM 355	16	-1.056410	0.000000	0.156115
EVM 356	20	-0.648901	0.000000	0.197089
EVM 357	17	1.350715	0.000000	0.311495
EVM 358	20	-0.634626	0.000000	0.206273
EVM 359	17	1.047931	0.000000	0.157626
EVM 360	18	-0.209179	0.000000	0.163771
EVM 361	21	0.622217	0.000000	0.214709
EVM 362	16	-1.047933	0.000000	0.157625
EVM 363	20	-0.627451	0.000000	0.211103
EVM 364	20	-0.629142	0.000000	0.209953
EVM 365	17	1.041444	0.000000	0.159077
EVM 366	16	-1.041789	0.000000	0.158994
EVM 367	19	0.210442	0.000000	0.164198
EVM 368	18	-0.206565	0.000000	0.162914
EVM 369	16	-1.034241	0.000000	0.160980
EVM 370	17	1.357965	0.000000	0.317813
EVM 371	17	1.457266	0.000000	0.407487
EVM 372	19	0.209678	0.000000	0.163939
EVM 373	19	0.209139	0.000000	0.163757
EVM 374	20	-0.626462	0.000000	0.211779
EVM 375	16	-1.463097	0.000000	0.412890
EVM 376	16	-1.457536	0.000000	0.407737
EVM 377	16	-1.042725	0.000000	0.158771
EVM 378	16	-1.037942	0.000000	0.159965
EVM 379	19	0.204062	0.000000	0.162128
EVM 380	18	-0.210204	0.000000	0.164117
EVM 381	17	1.044713	0.000000	0.158314
EVM 382	16	-1.048611	0.000000	0.157488
EVM 383	16	-1.465574	0.000000	0.415189
EVM 384	16	-1.372636	0.000000	0.330716
EVM 385	16	-1.064858	0.000000	0.155057
EVM 386	16	-1.432784	0.000000	0.384940
EVM 387	20	-0.633291	0.000000	0.207162
EVM 388	17	1.040985	0.000000	0.159190
EVM 389	21	0.630198	0.000000	0.209238
EVM 390	17	1.480880	0.000000	0.429436
EVM 391	18	-0.208164	0.000000	0.163433
EVM 392	16	-1.043088	0.000000	0.158686
EVM 393	16	-1.470366	0.000000	0.419641
EVM 394	16	-1.456860	0.000000	0.407112
EVM 395	17	1.363918	0.000000	0.323031
EVM 396	19	0.198636	0.000000	0.160546
EVM 397	16	-1.051076	0.000000	0.157014
EVM 398	18	-0.211553	0.000000	0.164581
EVM 399	16	-1.036970	0.000000	0.160224
EVM 400	16	-1.044947	0.000000	0.158262
EVM 401	20	-0.639213	0.000000	0.203258
EVM 402	22	-0.616161	0.000000	0.217475
EVM 403	17	1.489095	0.000000	0.437112
EVM 404	17	1.507442	0.000000	0.454325
EVM 405	22	-0.592923	0.000000	0.201774
EVM 406	21	0.667035	0.000000	0.186349
EVM 407	17	1.498760	0.000000	0.446168
EVM 408	21	0.639919	0.000000	0.202799
EVM 409	17	1.353760	0.000000	0.314144
EVM 410	18	-0.211187	0.000000	0.164455
EVM 411	20	-0.624723	0.000000	0.212974
EVM 412	21	0.630092	0.000000	0.209309
EVM 413	17	1.037579	0.000000	0.160061
EVM 414	17	1.043411	0.000000	0.158611
EVM 415	17	1.470229	0.000000	0.419514
EVM 416	16	-1.462526	0.000000	0.412361
EVM 417	21	0.623069	0.000000	0.214118
EVM 418	17	1.039577	0.000000	0.159542
EVM 419	16	-1.039988	0.000000	0.159438
EVM 420	16	-1.037349	0.000000	0.160122
EVM 421	16	-1.033937	0.000000	0.161067
EVM 422	17	1.355338	0.000000	0.315519
EVM 423	18	-0.210538	0.000000	0.164231
EVM 424	17	1.462600	0.000000	0.412429
EVM 425	19	0.209801	0.000000	0.163980
EVM 426	20	-0.628290	0.000000	0.210531
EVM 427	16	-1.462228	0.000000	0.412084
EVM 428	21	0.625876	0.000000	0.212181
EVM 429	17	1.460815	0.000000	0.410775
EVM 430	17	1.459441	0.000000	0.409502
EVM 431	16	-1.453183	0.000000	0.403711
EVM 432	16	-1.446765	0.000000	0.397789
EVM 433	16	-1.465091	0.000000	0.414740
EVM 434	17	1.462238	0.000000	0.412094
EVM 435	17	1.458446	0.000000	0.408580
EVM 436	16	-1.372727	0.000000	0.330797
EVM 437	19	0.215798	0.000000	0.166106
EVM 438	17	1.451280	0.000000	0.401953
EVM 439	18	-0.205226	0.000000	0.162489
EVM 440	16	-1.461727	0.000000	0.411620
EVM 441	16	-1.041566	0.000000	0.159048
EVM 442	21	0.635237	0.000000	0.205868
EVM 443	17	1.050804	0.000000	0.157064
EVM 444	21	0.625231	0.000000	0.212624
EVM 445	18	-0.212140	0.000000	0.164787
EVM 446	21	0.627979	0.000000	0.210743
EVM 447	17	1.360962	0.000000	0.320437
EVM 448	19	0.221014	0.000000	0.168107
EVM 449	18	-0.210981	0.000000	0.164383
EVM 450	16	-1.472932	0.000000	0.422029
EVM 451	16	-1.034415	0.000000	0.160931
EVM 452	16	-1.056852	0.000000	0.156048
EVM 453	19	0.217586	0.000000	0.166776
EVM 454	19	0.208319	0.000000	0.163485
EVM 455	16	-1.054520	0.000000	0.156413
EVM 456	17	1.452319	0.000000	0.402913
EVM 457	17	1.088801	0.000000	0.154547
EVM 458	20	-0.655454	0.000000	0.193081
EVM 459	20	-0.647807	0.000000	0.197772
EVM 460	16	-1.060320	0.000000	0.155569
EVM 461	17	1.356442	0.000000	0.316483
EVM 462	16	-1.048462	0.000000	0.157518
EVM 463	20	-0.631351	0.000000	0.208461
EVM 464	16	-1.465019	0.000000	0.414674
EVM 465	16	-1.454972	0.000000	0.405365
EVM 466	18	-0.209243	0.000000	0.163792
EVM 467	18	-0.211662	0.000000	0.164619
EVM 468	18	-0.208765	0.000000	0.163632
EVM 469	20	-0.623778	0.000000	0.213626
EVM 470	16	-1.452984	0.000000	0.403527
EVM 471	16	-1.043758	0.000000	0.158531
EVM 472	17	1.455642	0.000000	0.405985
EVM 473	18	-0.214596	0.000000	0.165665
EVM 474	17	1.356220	0.000000	0.316289
EVM 475	20	-0.627524	0.000000	0.211053
EVM 476	21	0.622434	0.000000	0.214558
EVM 477	18	-0.210397	0.000000	0.164183
EVM 478	16	-1.039801	0.000000	0.159485
EVM 479	19	0.208034	0.000000	0.163391
EVM 480	20	-0.629047	0.000000	0.210017
EVM 481	20	-0.627330	0.000000	0.211185
EVM 482	19	0.211035	0.000000	0.164402
EVM 483	21	0.618268	0.000000	0.217474
EVM 484	18	-0.205074	0.000000	0.162441
EVM 485	16	-1.464647	0.000000	0.414328
EVM 486	18	-0.209562	0.000000	0.163899
EVM 487	17	1.443772	0.000000	0.395031
EVM 488	16	-1.375527	0.000000	0.333276
EVM 489	17	1.440447	0.000000	0.391973
EVM 490	18	-0.227459	0.000000	0.170767
EVM 491	19	0.209415	0.000000	0.163850
EVM 492	17	1.449800	0.000000	0.400587
EVM 493	19	0.213372	0.000000	0.165223
EVM 494	16	-1.474232	0.000000	0.423239
EVM 495	18	-0.212496	0.000000	0.164912
EVM 496	17	1.045586	0.000000	0.158121
EVM 497	16	-1.464768	0.000000	0.414440
EVM 498	16	-1.464010	0.000000	0.413737
EVM 499	17	1.360932	0.000000	0.320410
EVM 500	20	-0.620567	0.000000	0.215860
EVM 501	20	-0.630136	0.000000	0.209280
EVM 502	20	-0.627967	0.000000	0.210751
EVM 503	16	-1.455540	0.000000	0.405891
EVM 504	19	0.218573	0.000000	0.167153
EVM 505	20	-0.640142	0.000000	0.202655
EVM 506	20	-0.654631	0.000000	0.193576
EVM 507	20	-0.644864	0.000000	0.199625
EVM 508	17	1.010611	0.000000	0.169238
EVM 509	18	-0.280918	0.000000	0.199602
EVM 510	20	-0.651057	0.000000	0.195755
EVM 511	19	0.222807	0.000000	0.168826
EVM 512	20	-0.645725	0.000000	0.199081
EVM 513	16	-1.464981	0.000000	0.414638
EVM 514	17	1.477332	0.000000	0.426127
EVM 515	20	-0.629433	0.000000	0.209755
EVM 516	21	0.627298	0.000000	0.211208
EVM 517	16	-1.455135	0.000000	0.405516
EVM 518	17	1.467971	0.000000	0.417415
EVM 519	20	-0.624037	0.000000	0.213447
EVM 520	16	-1.047640	0.000000	0.157685
EVM 521	16	-1.454975	0.000000	0.405368
EVM 522	16	-1.042442	0.000000	0.158838
EVM 523	16	-1.462917	0.000000	0.412723
EVM 524	20	-0.619203	0.000000	0.216815
EVM 525	18	-0.216369	0.000000	0.166318
EVM 526	17	1.357391	0.000000	0.317312
EVM 527	21	0.624498	0.000000	0.213129
EVM 528	20	-0.626997	0.000000	0.211413
EVM 529	19	0.208708	0.000000	0.163614
EVM 530	17	1.455612	0.000000	0.405957
EVM 531	21	0.623567	0.000000	0.213773
EVM 532	16	-1.457089	0.000000	0.407324
EVM 533	20	-0.626131	0.000000	0.212006
EVM 534	18	-0.211246	0.000000	0.164475
EVM 535	17	1.037756	0.000000	0.160014
EVM 536	16	-1.041695	0.000000	0.159016
EVM 537	18	-0.211520	0.000000	0.164570
EVM 538	22	-0.616416	0.000000	0.217655
EVM 539	23	0.615470	0.000000	0.216989
EVM 540	16	-1.372512	0.000000	0.330606
EVM 541	17	1.042178	0.000000	0.158900
EVM 542	19	0.202859	0.000000	0.161763
EVM 543	20	-0.637840	0.000000	0.204154
EVM 544	18	-0.206642	0.000000	0.162938
EVM 545	20	-0.627670	0.000000	0.210953
EVM 546	16	-1.051365	0.000000	0.156960
EVM 547	17	1.050334	0.000000	0.157153
EVM 548	20	-0.623546	0.000000	0.213787
EVM 549	16	-1.048791	0.000000	0.157452
EVM 550	17	1.466226	0.000000	0.415794
EVM 551	17	1.363265	0.000000	0.322457
EVM 552	21	0.635453	0.000000	0.205725
EVM 553	18	-0.190058	0.000000	0.158392
EVM 554	20	-0.630584	0.000000	0.208977
EVM 555	20	-0.633838	0.000000	0.206797
EVM 556	17	1.446896	0.000000	0.397909
EVM 557	17	1.445151	0.000000	0.396301
EVM 558	16	-1.048235	0.000000	0.157564
EVM 559	20	-0.639652	0.000000	0.202973
EVM 560	18	-0.158287	0.000000	0.154355
EVM 561	16	-1.658608	0.000000	0.598710
EVM 562	17	1.074029	0.000000	0.154424
EVM 563	16	-1.065704	0.000000	0.154976
EVM 564	21	0.627016	0.000000	0.211400
EVM 565	17	1.353694	0.000000	0.314086
EVM 566	17	1.473731	0.000000	0.422773
EVM 567	17	1.461509	0.000000	0.411417
EVM 568	16	-1.048217	0.000000	0.157568
EVM 569	17	1.445970	0.000000	0.397056
EVM 570	20	-0.629419	0.000000	0.209765
EVM 571	21	0.630424	0.000000	0.209085
EVM 572	19	0.210734	0.000000	0.164298
EVM 573	18	-0.202447	0.000000	0.161640
EVM 574	19	0.212204	0.000000	0.164809
EVM 575	16	-1.460736	0.000000	0.410701
EVM 576	20	-0.620312	0.000000	0.216038
EVM 577	18	-0.208678	0.000000	0.163604
EVM 578	17	1.356043	0.000000	0.316135
EVM 579	16	-1.041476	0.000000	0.159070
EVM 580	16	-1.046501	0.000000	0.157924
EVM 581	20	-0.625421	0.000000	0.212493
EVM 582	21	0.624448	0.000000	0.213164
EVM 583	16	-1.462436	0.000000	0.412278
EVM 584	19	0.208738	0.000000	0.163624
EVM 585	20	-0.627283	0.000000	0.211217
EVM 586	19	0.204476	0.000000	0.162255
EVM 587	19	0.214332	0.000000	0.165569
EVM 588	16	-1.037605	0.000000	0.160054
EVM 589	19	0.206929	0.000000	0.163031
EVM 590	17	1.043166	0.000000	0.158668
EVM 591	17	1.043218	0.000000	0.158656
EVM 592	16	-1.377562	0.000000	0.335081
EVM 593	21	0.619910	0.000000	0.216320
EVM 594	19	0.192289	0.000000	0.158910
EVM 595	16	-1.043877	0.000000	0.158503
EVM 596	20	-0.618086	0.000000	0.217602
EVM 597	17	1.463490	0.000000	0.413255
EVM 598	20	-0.629523	0.000000	0.209694
EVM 599	21	0.631002	0.000000	0.208696
EVM 600	17	1.463763	0.000000	0.413508
EVM 601	17	1.470019	0.000000	0.419319
EVM 602	17	1.046126	0.000000	0.158004
EVM 603	17	1.363839	0.000000	0.322961
EVM 604	16	-1.045884	0.000000	0.158057
EVM 605	16	-1.476350	0.000000	0.425212
EVM 606	18	-0.211623	0.000000	0.164606
EVM 607	16	-1.038257	0.000000	0.159882
EVM 608	20	-0.633801	0.000000	0.206822
EVM 609	17	1.464053	0.000000	0.413777
EVM 610	16	-1.038802	0.000000	0.159740
EVM 611	19	0.209187	0.000000	0.163774
EVM 612	22	-0.612584	0.000000	0.214969
EVM 613	23	0.337560	0.000000	0.198802
EVM 614	17	1.049028	0.000000	0.157405
EVM 615	20	-0.642554	0.000000	0.201099
EVM 616	17	1.070683	0.000000	0.154592
EVM 617	17	1.358699	0.000000	0.318455
EVM 618	19	0.210608	0.000000	0.164255
EVM 619	21	0.625524	0.000000	0.212423
EVM 620	17	1.048704	0.000000	0.157470
EVM 621	19	0.199249	0.000000	0.160716
EVM 622	20	-0.632709	0.000000	0.207550
EVM 623	17	1.051016	0.000000	0.157025
EVM 624	17	1.047054	0.000000	0.157807
EVM 625	17	1.045336	0.000000	0.158176
EVM 626	16	-1.462975	0.000000	0.412777
EVM 627	17	1.463213	0.000000	0.412998
EVM 628	18	-0.203975	0.000000	0.162101
EVM 629	16	-1.453034	0.000000	0.403574
EVM 630	17	1.355320	0.000000	0.315504
EVM 631	20	-0.620952	0.000000	0.215590
EVM 632	17	1.466154	0.000000	0.415727
EVM 633	17	1.468102	0.000000	0.417537
EVM 634	16	-1.463863	0.000000	0.413601
EVM 635	19	0.207660	0.000000	0.163268
EVM 636	19	0.212197	0.000000	0.164806
EVM 637	16	-1.458449	0.000000	0.408582
EVM 638	21	0.628886	0.000000	0.210126
EVM 639	16	-1.446836	0.000000	0.397854
EVM 640	19	0.204143	0.000000	0.162153
EVM 641	16	-1.047383	0.000000	0.157739
EVM 642	16	-1.453646	0.000000	0.404139
EVM 643	16	-1.030655	0.000000	0.162039
EVM 644	16	-1.371370	0.000000	0.329597
EVM 645	21	0.627861	0.000000	0.210823
EVM 646	16	-1.063947	0.000000	0.155149
EVM 647	17	1.451197	0.000000	0.401877
EVM 648	16	-1.460605	0.000000	0.410579
EVM 649	19	0.215365	0.000000	0.165946
EVM 650	17	1.048928	0.000000	0.157425
EVM 651	16	-1.049203	0.000000	0.157371
EVM 652	16	-1.460067	0.000000	0.410081
EVM 653	20	-0.631188	0.000000	0.208570
EVM 654	16	-1.461477	0.000000	0.411388
EVM 655	17	1.363509	0.000000	0.322672
EVM 656	22	-0.614479	0.000000	0.216293
EVM 657	16	-1.452340	0.000000	0.402933
EVM 658	20	-0.631394	0.000000	0.208432
EVM 659	19	0.203426	0.000000	0.161934
EVM 660	17	1.046854	0.000000	0.157849
EVM 661	17	1.040358	0.000000	0.159345
EVM 662	16	-1.033658	0.000000	0.161148
EVM 663	17	1.071948	0.000000	0.154520
EVM 664	18	-0.224966	0.000000	0.169714
EVM 665	19	0.115381	0.000000	0.159137
EVM 666	16	-1.534271	0.000000	0.479645
EVM 667	19	0.218485	0.000000	0.167119
EVM 668	21	0.653454	0.000000	0.194289
EVM 669	17	1.356540	0.000000	0.316569
EVM 670	16	-1.479243	0.000000	0.427908
EVM 671	17	1.044924	0.000000	0.158267
EVM 672	17	1.045135	0.000000	0.158220
EVM 673	17	1.441621	0.000000	0.393052
EVM 674	16	-1.047854	0.000000	0.157641
EVM 675	19	0.214183	0.000000	0.165515
EVM 676	18	-0.209246	0.000000	0.163793
EVM 677	17	1.040402	0.000000	0.159334
EVM 678	16	-1.044155	0.000000	0.158440
EVM 679	18	-0.206722	0.000000	0.162964
EVM 680	21	0.624339	0.000000	0.213239
EVM 681	16	-1.029131	0.000000	0.162511
EVM 682	17	1.357560	0.000000	0.317459
EVM 683	21	0.625970	0.000000	0.212116
EVM 684	17	1.044252	0.000000	0.158418
EVM 685	18	-0.209641	0.000000	0.163926
EVM 686	19	0.209172	0.000000	0.163768
EVM 687	21	0.627723	0.000000	0.210918
EVM 688	16	-1.038162	0.000000	0.159907
EVM 689	16	-1.042484	0.000000	0.158828
EVM 690	17	1.462474	0.000000	0.412312
EVM 691	17	1.031186	0.000000	0.161878
EVM 692	16	-1.031774	0.000000	0.161701
EVM 693	19	0.208912	0.000000	0.163682
EVM 694	20	-0.628676	0.000000	0.210269
EVM 695	18	-0.210054	0.000000	0.164066
EVM 696	16	-1.374151	0.000000	0.332056
EVM 697	19	0.206623	0.000000	0.162932
EVM 698	17	1.462324	0.000000	0.412173
EVM 699	19	0.215060	0.000000	0.165834
EVM 700	23	0.614529	0.000000	0.216328
EVM 701	21	0.623124	0.000000	0.214079
EVM 702	20	-0.636973	0.000000	0.204723
EVM 703	16	-1.047207	0.000000	0.157775
EVM 704	16	-1.464508	0.000000	0.414200
EVM 705	16	-1.047824	0.000000	0.157648
EVM 706	20	-0.617786	0.000000	0.217813
EVM 707	17	1.363762	0.000000	0.322894
EVM 708	21	0.617765	0.000000	0.217828
EVM 709	20	-0.626384	0.000000	0.211832
EVM 710	17	1.055080	0.000000	0.156322
EVM 711	19	0.215894	0.000000	0.166141
EVM 712	18	-0.194799	0.000000	0.159529
EVM 713	19	0.228770	0.000000	0.171332
EVM 714	16	-1.006759	0.000000	0.170856
EVM 715	17	1.066525	0.000000	0.154901
EVM 716	17	1.480284	0.000000	0.428880
EVM 717	16	-0.952871	0.000000	0.200007
EVM 718	21	0.630287	0.000000	0.209178
EVM 719	20	-0.638720	0.000000	0.203579
EVM 720	17	1.503608	0.000000	0.450720
EVM 721	17	1.353232	0.000000	0.313684
EVM 722	16	-1.477284	0.000000	0.426082
EVM 723	21	0.627783	0.000000	0.210876
EVM 724	16	-1.048081	0.000000	0.157595
EVM 725	17	1.447309	0.000000	0.398290
EVM 726	16	-1.469819	0.000000	0.419132
EVM 727	21	0.627443	0.000000	0.211108
EVM 728	18	-0.207467	0.000000	0.163205
EVM 729	19	0.211353	0.000000	0.164512
EVM 730	21	0.629906	0.000000	0.209435
EVM 731	18	-0.210218	0.000000	0.164122
EVM 732	16	-1.042597	0.000000	0.158801
EVM 733	18	-0.212040	0.000000	0.164752
EVM 734	17	1.358139	0.000000	0.317966
EVM 735	19	0.208862	0.000000	0.163665
EVM 736	20	-0.625468	0.000000	0.212461
EVM 737	17	1.046955	0.000000	0.157828
EVM 738	17	1.460206	0.000000	0.410210
EVM 739	16	-1.464436	0.000000	0.414132
EVM 740	19	0.205843	0.000000	0.162683
EVM 741	19	0.208468	0.000000	0.163534
EVM 742	17	1.451731	0.000000	0.402370
EVM 743	17	1.443562	0.000000	0.394838
EVM 744	20	-0.621382	0.000000	0.215290
EVM 745	16	-1.465365	0.000000	0.414994
EVM 746	19	0.209602	0.000000	0.163913
EVM 747	20	-0.634166	0.000000	0.206579
EVM 748	16	-1.375838	0.000000	0.333551
EVM 749	16	-1.058417	0.000000	0.155823
EVM 750	22	-0.607358	0.000000	0.211364
EVM 751	18	-0.206454	0.000000	0.162878
EVM 752	20	-0.631673	0.000000	0.208245
EVM 753	18	-0.202498	0.000000	0.161655
EVM 754	18	-0.213134	0.000000	0.165138
EVM 755	21	0.630919	0.000000	0.208752
EVM 756	17	1.048557	0.000000	0.157499
EVM 757	18	-0.215101	0.000000	0.165849
EVM 758	23	0.616015	0.000000	0.217372
EVM 759	17	1.363611	0.000000	0.322761
EVM 760	20	-0.628122	0.000000	0.210646
EVM 761	18	-0.194795	0.000000	0.159528
EVM 762	19	0.211976	0.000000	0.164729
EVM 763	16	-1.469324	0.000000	0.418673
EVM 764	19	0.213536	0.000000	0.165282
EVM 765	19	0.217006	0.000000	0.166557
EVM 766	17	1.445470	0.000000	0.396595
EVM 767	17	1.066116	0.000000	0.154938
EVM 768	17	1.445174	0.000000	0.396323
EVM 769	18	-0.249357	0.000000	0.181231
EVM 770	17	1.543595	0.000000	0.488483
EVM 771	19	0.210551	0.000000	0.164235
EVM 772	17	1.067445	0.000000	0.154823
EVM 773	17	1.356036	0.000000	0.316128
EVM 774	17	1.047322	0.000000	0.157751
EVM 775	16	-1.047122	0.000000	0.157793
EVM 776	17	1.046110	0.000000	0.158008
EVM 777	16	-1.453357	0.000000	0.403872
EVM 778	18	-0.213052	0.000000	0.165109
EVM 779	20	-0.631020	0.000000	0.208684
EVM 780	16	-1.467044	0.000000	0.416553
EVM 781	17	1.458802	0.000000	0.408909
EVM 782	16	-1.041126	0.000000	0.159155
EVM 783	17	1.463015	0.000000	0.412814
EVM 784	16	-1.037802	0.000000	0.160002
EVM 785	19	0.203128	0.000000	0.161844
EVM 786	17	1.356335	0.000000	0.316389
EVM 787	17	1.462043	0.000000	0.411913
EVM 788	17	1.044323	0.000000	0.158402
EVM 789	21	0.628672	0.000000	0.210272
EVM 790	21	0.625984	0.000000	0.212107
EVM 791	18	-0.211877	0.000000	0.164694
EVM 792	16	-1.460468	0.000000	0.410453
EVM 793	18	-0.211498	0.000000	0.164562
EVM 794	17	1.460021	0.000000	0.410039
EVM 795	16	-1.036028	0.000000	0.160480
EVM 796	17	1.035194	0.000000	0.160711
EVM 797	16	-1.463802	0.000000	0.413544
EVM 798	20	-0.623443	0.000000	0.213859
EVM 799	17	1.441923	0.000000	0.393330
EVM 800	16	-1.371513	0.000000	0.329723
EVM 801	16	-1.033054	0.000000	0.161323
EVM 802	16	-1.456078	0.000000	0.406388
EVM 803	17	1.052676	0.000000	0.156725
EVM 804	17	1.043128	0.000000	0.158676
EVM 805	17	1.044616	0.000000	0.158336
EVM 806	21	0.629781	0.000000	0.209520
EVM 807	18	-0.212935	0.000000	0.165067
EVM 808	19	0.204988	0.000000	0.162414
EVM 809	21	0.630513	0.000000	0.209025
EVM 810	16	-1.042772	0.000000	0.158760
EVM 811	17	1.365040	0.000000	0.324017
EVM 812	20	-0.624025	0.000000	0.213456
EVM 813	17	1.052869	0.000000	0.156692
EVM 814	19	0.208426	0.000000	0.163520
EVM 815	16	-1.447099	0.000000	0.398097
EVM 816	18	-0.191974	0.000000	0.158835
EVM 817	18	-0.223882	0.000000	0.169265
EVM 818	19	0.181571	0.000000	0.156694
EVM 819	20	-0.648824	0.000000	0.197137
EVM 820	18	-0.252120	0.000000	0.182696
EVM 821	17	1.619448	0.000000	0.560964
EVM 822	19	0.196606	0.000000	0.159997
EVM 823	17	1.070567	0.000000	0.154599
EVM 824	17	1.478514	0.000000	0.427229
EVM 825	17	1.358219	0.000000	0.318035
EVM 826	17	1.476262	0.000000	0.425130
EVM 827	18	-0.208702	0.000000	0.163612
EVM 828	18	-0.209929	0.000000	0.164024
EVM 829	16	-1.037388	0.000000	0.160112
EVM 830	21	0.629682	0.000000	0.209587
EVM 831	17	1.047199	0.000000	0.157777
EVM 832	20	-0.625779	0.000000	0.212248
EVM 833	21	0.627222	0.000000	0.211260
EVM 834	19	0.207013	0.000000	0.163058
EVM 835	16	-1.044843	0.000000	0.158285
EVM 836	18	-0.203808	0.000000	0.162050
EVM 837	16	-1.446725	0.000000	0.397751
EVM 838	17	1.356464	0.000000	0.316502
EVM 839	16	-1.039815	0.000000	0.159481
EVM 840	19	0.211516	0.000000	0.164569
EVM 841	16	-1.044088	0.000000	0.158455
EVM 842	17	1.039318	0.000000	0.159608
EVM 843	21	0.626663	0.000000	0.211642
EVM 844	17	1.041827	0.000000	0.158985
EVM 845	20	-0.624120	0.000000	0.213390
EVM 846	17	1.041057	0.000000	0.159172
EVM 847	18	-0.216493	0.000000	0.166364
EVM 848	22	-0.615636	0.000000	0.217105
EVM 849	16	-1.460168	0.000000	0.410175
EVM 850	19	0.202021	0.000000	0.161513
EVM 851	16	-1.446314	0.000000	0.397373
EVM 852	16	-1.374081	0.000000	0.331995
EVM 853	23	0.609344	0.000000	0.212726
EVM 854	16	-1.474707	0.000000	0.423681
EVM 855	21	0.623119	0.000000	0.214083
EVM 856	16	-1.046827	0.000000	0.157855
EVM 857	17	1.465715	0.000000	0.415320
EVM 858	21	0.632933	0.000000	0.207400
EVM 859	17	1.045612	0.000000	0.158116
EVM 860	21	0.630393	0.000000	0.209107
EVM 861	16	-1.048802	0.000000	0.157450
EVM 862	17	1.462342	0.000000	0.412190
EVM 863	17	1.362463	0.000000	0.321753
EVM 864	16	-1.044687	0.000000	0.158320
EVM 865	16	-1.463371	0.000000	0.413144
EVM 866	17	1.471548	0.000000	0.420741
EVM 867	17	1.048506	0.000000	0.157509
EVM 868	16	-1.445131	0.000000	0.396283
EVM 869	20	-0.627573	0.000000	0.211019
EVM 870	16	-1.434024	0.000000	0.386076
EVM 871	17	1.070282	0.000000	0.154617
EVM 872	17	1.445182	0.000000	0.396330
EVM 873	18	-0.282088	0.000000	0.200346
EVM 874	17	1.548285	0.000000	0.492935
EVM 875	19	0.211749	0.000000	0.164650
EVM 876	19	0.216032	0.000000	0.166193
EVM 877	17	1.354007	0.000000	0.314359
EVM 878	16	-1.470357	0.000000	0.419633
EVM 879	20	-0.628996	0.000000	0.210052
EVM 880	16	-1.464224	0.000000	0.413936
EVM 881	16	-1.462726	0.000000	0.412546
EVM 882	19	0.203725	0.000000	0.162025
EVM 883	21	0.627682	0.000000	0.210945
EVM 884	21	0.625464	0.000000	0.212464
EVM 885	19	0.201917	0.000000	0.161482
EVM 886	17	1.462540	0.000000	0.412373
EVM 887	19	0.207094	0.000000	0.163084
EVM 888	16	-1.450065	0.000000	0.400832
EVM 889	18	-0.203405	0.000000	0.161927
EVM 890	17	1.356607	0.000000	0.316627
EVM 891	16	-1.459278	0.000000	0.409350
EVM 892	20	-0.622353	0.000000	0.214614
EVM 893	19	0.207273	0.000000	0.163142
EVM 894	19	0.209132	0.000000	0.163755
EVM 895	17	1.043422	0.000000	0.158608
EVM 896	16	-1.041957	0.000000	0.158953
EVM 897	16	-1.462626	0.000000	0.412453
EVM 898	16	-1.045439	0.000000	0.158153
EVM 899	19	0.220191	0.000000	0.167782
EVM 900	16	-1.443580	0.000000	0.394855
EVM 901	21	0.625139	0.000000	0.212687
EVM 902	21	0.624165	0.000000	0.213359
EVM 903	20	-0.625035	0.000000	0.212759
EVM 904	16	-1.373974	0.000000	0.331900
EVM 905	16	-1.446843	0.000000	0.397860
EVM 906	16	-1.046853	0.000000	0.157850
EVM 907	21	0.619705	0.000000	0.216463
EVM 908	17	1.454008	0.000000	0.404474
EVM 909	16	-1.463338	0.000000	0.413114
EVM 910	21	0.641079	0.000000	0.202048
EVM 911	21	0.628426	0.000000	0.210439
EVM 912	17	1.041890	0.000000	0.158970
EVM 913	19	0.207123	0.000000	0.163093
EVM 914	17	1.461128	0.000000	0.411064
EVM 915	17	1.363583	0.000000	0.322737
EVM 916	18	-0.195474	0.000000	0.159701
EVM 917	16	-1.466217	0.000000	0.415786
EVM 918	21	0.630513	0.000000	0.209025
EVM 919	16	-1.038405	0.000000	0.159843
EVM 920	20	-0.619534	0.000000	0.216583
EVM 921	18	-0.226695	0.000000	0.170441
EVM 922	20	-0.634766	0.000000	0.206180
EVM 923	21	0.630331	0.000000	0.209148
EVM 924	20	-0.660033	0.000000	0.190363
EVM 925	17	1.105145	0.000000	0.156319
EVM 926	20	-0.680453	0.000000	0.179170
EVM 927	16	-1.066453	0.000000	0.154908
EVM 928	16	-1.505898	0.000000	0.452872
EVM 929	17	1.355986	0.000000	0.316085
EVM 930	21	0.629102	0.000000	0.209980
EVM 931	16	-1.464139	0.000000	0.413857
EVM 932	19	0.212511	0.000000	0.164917
EVM 933	18	-0.217129	0.000000	0.166603
EVM 934	17	1.471585	0.000000	0.420775
EVM 935	16	-1.467504	0.000000	0.416981
EVM 936	19	0.210717	0.000000	0.164293
EVM 937	17	1.035041	0.000000	0.160754
EVM 938	19	0.206760	0.000000	0.162976
EVM 939	20	-0.624142	0.000000	0.213375
EVM 940	17	1.036453	0.000000	0.160364
EVM 941	20	-0.620011	0.000000	0.216249
EVM 942	17	1.355698	0.000000	0.315833
EVM 943	21	0.622187	0.000000	0.214729
EVM 944	16	-1.461910	0.000000	0.411790
EVM 945	17	1.049079	0.000000	0.157395
EVM 946	19	0.204487	0.000000	0.162259
EVM 947	17	1.461544	0.000000	0.411450
EVM 948	17	1.045070	0.000000	0.158235
EVM 949	16	-1.462415	0.000000	0.412258
EVM 950	17	1.040562	0.000000	0.159294
EVM 951	17	1.464842	0.000000	0.414510
EVM 952	16	-1.461041	0.000000	0.410984
EVM 953	20	-0.629114	0.000000	0.209971
EVM 954	19	0.209209	0.000000	0.163781
EVM 955	21	0.626964	0.000000	0.211436
EVM 956	16	-1.368922	0.000000	0.327436
EVM 957	20	-0.667873	0.000000	0.185881
EVM 958	22	-0.610946	0.000000	0.213832
EVM 959	17	1.051850	0.000000	0.156872
EVM 960	21	0.620923	0.000000	0.215611
EVM 961	17	1.042839	0.000000	0.158744
EVM 962	16	-1.471496	0.000000	0.420692
EVM 963	17	1.472123	0.000000	0.421275
EVM 964	20	-0.627132	0.000000	0.211321
EVM 965	16	-1.045000	0.000000	0.158250
EVM 966	21	0.628626	0.000000	0.210303
EVM 967	17	1.363161	0.000000	0.322366
EVM 968	19	0.222129	0.000000	0.168552
EVM 969	21	0.618988	0.000000	0.216967
EVM 970	16	-1.047083	0.000000	0.157801
EVM 971	17	1.068265	0.000000	0.154758
EVM 972	16	-1.052826	0.000000	0.156699
EVM 973	16	-1.048210	0.000000	0.157569
EVM 974	16	-1.438836	0.000000	0.390492
EVM 975	19	0.226571	0.000000	0.170388
EVM 976	18	-0.261028	0.000000	0.187616
EVM 977	17	1.621228	0.000000	0.562676
EVM 978	16	-1.101082	0.000000	0.155720
EVM 979	16	-1.064828	0.000000	0.155060
EVM 980	16	-1.490630	0.000000	0.438549
EVM 981	17	1.358035	0.000000	0.317875
EVM 982	19	0.208803	0.000000	0.163645
EVM 983	17	1.045026	0.000000	0.158245
EVM 984	17	1.047117	0.000000	0.157794
EVM 985	17	1.041404	0.000000	0.159087
EVM 986	21	0.634302	0.000000	0.206488
