Welcome to Capsim 6.1
(c)1989-2007 XCAD Corporation
http://www.xcad.com
TrueColor 
No 8 bit visuals matched
Adding Block (Star) Path:path s /Users/sasan/CAPSIM_V6/capsim/trunk/BLOCKS/
Adding Icon  Path:path p /Users/sasan/CAPSIM_V6/capsim/trunk/ICONS/
Adding Docs  Path:path d /Users/sasan/CAPSIM_V6/capsim/trunk/DOCS/
model name: svdmimo_2x2
Initializing cxmimoch0
fs(MHz)=20.000000 delay spread (ns) =50.000000 
Kmax=10
Initializing cxmimosvd0
0 0.714613 -0.830541 1.095660
1 0.756153 -0.862502 1.147030
2 0.805689 -0.891310 1.201486
3 0.868653 -0.927091 1.270455
4 0.941895 -0.982473 1.361036
5 1.013984 -1.065950 1.471194
6 1.070086 -1.177401 1.591024
7 1.098385 -1.308351 1.708283
8 1.094143 -1.446440 1.813653
9 1.059295 -1.580911 1.902994
10 0.998565 -1.705533 1.976354
11 0.915382 -1.817502 2.035003
12 0.810704 -1.913866 2.078490
13 0.685412 -1.988811 2.103606
14 0.544115 -2.034364 2.105872
15 0.396943 -2.044347 2.082527
16 0.257350 -2.018764 2.035101
17 0.136852 -1.965177 1.969936
18 0.040123 -1.895540 1.895964
19 -0.036091 -1.820174 1.820531
20 -0.099183 -1.742717 1.745537
21 -0.154254 -1.659482 1.666636
22 -0.199194 -1.563870 1.576505
23 -0.224592 -1.453156 1.470409
24 -0.218754 -1.333361 1.351187
25 -0.174896 -1.219079 1.231561
26 -0.096258 -1.128221 1.132320
27 0.003760 -1.074686 1.074693
28 0.106301 -1.062945 1.068247
29 0.193796 -1.087106 1.104245
30 0.255251 -1.134248 1.162614
31 0.288015 -1.189640 1.224008
32 0.296275 -1.241145 1.276017
33 0.288048 -1.281385 1.313362
34 0.272419 -1.308018 1.336085
35 0.257549 -1.323221 1.348053
36 0.248962 -1.332984 1.356034
37 0.247660 -1.345768 1.368367
38 0.248631 -1.369761 1.392143
39 0.241211 -1.408833 1.429333
40 0.212451 -1.458844 1.474232
41 0.152945 -1.506747 1.514489
42 0.062594 -1.534034 1.535311
43 -0.046994 -1.523742 1.524466
44 -0.155377 -1.467830 1.476031
45 -0.240538 -1.371093 1.392032
46 -0.287019 -1.249390 1.281935
47 -0.290841 -1.123132 1.160179
48 -0.258950 -1.009534 1.042216
49 -0.204108 -0.917633 0.940059
50 -0.138573 -0.848089 0.859335
51 -0.070099 -0.796773 0.799851
52 -0.001757 -0.759142 0.759144
53 0.065591 -0.732526 0.735457
54 0.130852 -0.715582 0.727447
55 0.192315 -0.706407 0.732117
56 0.249248 -0.701659 0.744614
57 0.303555 -0.697879 0.761039
58 0.359457 -0.694046 0.781607
59 0.420832 -0.693071 0.810831
60 0.487969 -0.700475 0.853685
61 0.556392 -0.720671 0.910460
62 0.619150 -0.753312 0.975103
63 0.671461 -0.792595 1.038781
0 1.086606 1.951693 2.233790
1 1.190259 1.870481 2.217073
2 1.275035 1.772843 2.183732
3 1.335791 1.665020 2.134626
4 1.369884 1.555048 2.072379
5 1.377604 1.452160 2.001640
6 1.363131 1.365952 1.929754
7 1.335369 1.304345 1.866689
8 1.307214 1.270549 1.822939
9 1.292430 1.260651 1.805441
10 1.301054 1.263807 1.813822
11 1.335747 1.265703 1.840170
12 1.391371 1.253767 1.872924
13 1.458232 1.221232 1.902064
14 1.527025 1.167686 1.922315
15 1.592302 1.096048 1.933067
16 1.652364 1.008347 1.935735
17 1.705994 0.903475 1.930462
18 1.748821 0.778609 1.914316
19 1.772362 0.633206 1.882078
20 1.766856 0.472438 1.828928
21 1.726097 0.307203 1.753221
22 1.650807 0.150257 1.657631
23 1.547994 0.010944 1.548033
24 1.426514 -0.107839 1.430584
25 1.291906 -0.208246 1.308582
26 1.144218 -0.292625 1.181044
27 0.980499 -0.358737 1.044065
28 0.800284 -0.398726 0.894112
29 0.610114 -0.402916 0.731150
30 0.423608 -0.366108 0.559891
31 0.256592 -0.292101 0.388796
32 0.120226 -0.193251 0.227597
33 0.016487 -0.085163 0.086744
34 -0.061184 0.020114 0.064405
35 -0.122770 0.118142 0.170382
36 -0.175719 0.211169 0.274717
37 -0.222016 0.303536 0.376065
38 -0.259746 0.397093 0.474500
39 -0.287202 0.489966 0.567936
40 -0.305849 0.579126 0.654928
41 -0.319592 0.664144 0.737039
42 -0.330982 0.748483 0.818399
43 -0.337747 0.836688 0.902286
44 -0.333194 0.929248 0.987177
45 -0.311231 1.019362 1.065816
46 -0.272991 1.095039 1.128555
47 -0.230067 1.146426 1.169283
48 -0.200924 1.174187 1.191254
49 -0.201378 1.193200 1.210074
50 -0.234271 1.228093 1.250238
51 -0.284737 1.302058 1.332828
52 -0.324630 1.424777 1.461292
53 -0.324348 1.586307 1.619127
54 -0.265902 1.760536 1.780503
55 -0.150242 1.916411 1.922291
56 0.004720 2.030795 2.030800
57 0.173702 2.096275 2.103459
58 0.335500 2.120531 2.146907
59 0.480256 2.118843 2.172588
60 0.609588 2.104814 2.191310
61 0.731054 2.084443 2.208924
62 0.851187 2.055832 2.225077
63 0.971163 2.013184 2.235188
0 -0.719701 0.022003 0.720037
1 -0.719355 0.042265 0.720595
2 -0.724971 0.075754 0.728918
3 -0.725513 0.128656 0.736833
4 -0.707523 0.199353 0.735071
5 -0.659966 0.278607 0.716364
6 -0.577796 0.352253 0.676705
7 -0.463347 0.404989 0.615392
8 -0.325715 0.423983 0.534651
9 -0.178727 0.401543 0.439523
10 -0.038095 0.336589 0.338738
11 0.081811 0.234738 0.248586
12 0.170966 0.106815 0.201590
13 0.225599 -0.034120 0.228164
14 0.248123 -0.176443 0.304462
15 0.244830 -0.312933 0.397327
16 0.222212 -0.441610 0.494366
17 0.183726 -0.563919 0.593094
18 0.128750 -0.681242 0.693301
19 0.054367 -0.791761 0.793626
20 -0.041107 -0.889660 0.890610
21 -0.155092 -0.967222 0.979577
22 -0.280213 -1.018599 1.056438
23 -0.406737 -1.042870 1.119380
24 -0.526535 -1.044419 1.169637
25 -0.636118 -1.030361 1.210905
26 -0.736899 -1.006628 1.247526
27 -0.832634 -0.975161 1.282271
28 -0.925775 -0.933853 1.314968
29 -1.015075 -0.879059 1.342804
30 -1.095807 -0.808854 1.361998
31 -1.162143 -0.724944 1.369715
32 -1.209895 -0.632241 1.365128
33 -1.237872 -0.536839 1.349268
34 -1.247351 -0.444079 1.324043
35 -1.240692 -0.357998 1.291309
36 -1.220655 -0.282036 1.252814
37 -1.191094 -0.219624 1.211173
38 -1.158203 -0.173271 1.171092
39 -1.130476 -0.142113 1.139373
40 -1.116137 -0.119585 1.122525
41 -1.118629 -0.093573 1.122536
42 -1.132657 -0.050295 1.133773
43 -1.143752 0.019211 1.143913
44 -1.132713 0.113226 1.138358
45 -1.083496 0.217637 1.105138
46 -0.990801 0.309985 1.038161
47 -0.863395 0.367724 0.938441
48 -0.721340 0.376768 0.813809
49 -0.588564 0.336164 0.677801
50 -0.484604 0.256983 0.548526
51 -0.419482 0.156670 0.447784
52 -0.393531 0.052347 0.396997
53 -0.400998 -0.043468 0.403347
54 -0.434420 -0.123327 0.451587
55 -0.486973 -0.182720 0.520124
56 -0.552057 -0.217971 0.593531
57 -0.621596 -0.226215 0.661479
58 -0.685430 -0.207442 0.716133
59 -0.733223 -0.166749 0.751945
60 -0.758206 -0.114463 0.766797
61 -0.760455 -0.063160 0.763073
62 -0.747339 -0.022727 0.747685
63 -0.730352 0.003916 0.730363
0 0.784574 -0.370274 0.867559
1 0.664005 -0.333163 0.742900
2 0.561820 -0.261105 0.619530
3 0.486961 -0.162939 0.513498
4 0.444494 -0.048732 0.447157
5 0.436488 0.071537 0.442311
6 0.462843 0.188054 0.499588
7 0.521074 0.290823 0.596738
8 0.605217 0.370223 0.709473
9 0.705258 0.419112 0.820392
10 0.808579 0.435531 0.918416
11 0.903597 0.423940 0.998104
12 0.983792 0.393314 1.059501
13 1.049368 0.352508 1.106994
14 1.104816 0.305528 1.146284
15 1.153413 0.250134 1.180224
16 1.192207 0.181395 1.205928
17 1.211449 0.098439 1.215442
18 1.199909 0.009900 1.199950
19 1.153473 -0.066410 1.155383
20 1.081534 -0.110777 1.087192
21 1.006238 -0.112332 1.012489
22 0.953654 -0.076876 0.956747
23 0.941104 -0.026341 0.941473
24 0.967882 0.010799 0.967942
25 1.015092 0.013361 1.015180
26 1.055196 -0.022246 1.055430
27 1.066020 -0.081139 1.069104
28 1.041274 -0.138870 1.050493
29 0.991815 -0.174706 1.007085
30 0.937594 -0.181449 0.954990
31 0.895772 -0.166504 0.911116
32 0.872422 -0.144584 0.884322
33 0.862320 -0.127594 0.871709
34 0.855784 -0.118446 0.863942
35 0.846978 -0.112329 0.854394
36 0.837651 -0.103526 0.844025
37 0.833954 -0.092127 0.839027
38 0.839155 -0.085318 0.843481
39 0.848103 -0.092088 0.853088
40 0.848053 -0.115103 0.855829
41 0.825946 -0.145796 0.838715
42 0.777535 -0.166722 0.795209
43 0.712158 -0.160349 0.729987
44 0.649564 -0.119042 0.660382
45 0.610320 -0.049951 0.612361
46 0.605433 0.028350 0.606096
47 0.631366 0.095520 0.638551
48 0.673241 0.139635 0.687569
49 0.714003 0.162015 0.732154
50 0.743939 0.174295 0.764083
51 0.765138 0.190015 0.788379
52 0.788865 0.215970 0.817894
53 0.828055 0.248112 0.864428
54 0.889565 0.273643 0.930702
55 0.970214 0.277346 1.009077
56 1.057932 0.248293 1.086678
57 1.136377 0.183758 1.151139
58 1.190142 0.089401 1.193495
59 1.208326 -0.023100 1.208547
60 1.185953 -0.139106 1.194084
61 1.123968 -0.243557 1.150054
62 1.028693 -0.322925 1.078188
63 0.910958 -0.366962 0.982092
INFO=0 Order=2 
Singular Values:
0	2.661636
1	0.466846
SVD  H
(0,0) 0.756153   -0.862502 
(0,1) -0.719355   0.042265 
(1,0) 1.190259   1.870481 
(1,1) 0.664005   -0.333163 
SVD FXP  2.661636    0.466846

SVD  U
(0,0) -0.277735   0.397942 
(0,1) -0.391183   -0.781973 
(1,0) -0.445825   -0.752160 
(1,1) -0.484938   0.018165 
SVD  V
(0,0) -0.935810   0.000000 
(0,1) 0.064310   0.346589 
(1,0) -0.352505   0.000000 
(1,1) -0.170728   -0.920104 
-------------------------------------------------
Singular values for k=1
Printing vector with n=2 elements
2
2.661636 
0.466846 
-------------------------------------------------
INFO=0 Order=2 
Singular Values:
0	2.618334
1	0.521270
SVD  H
(0,0) 0.805689   -0.891310 
(0,1) -0.724971   0.075754 
(1,0) 1.275035   1.772843 
(1,1) 0.561820   -0.261105 
SVD FXP  2.618334    0.521270

SVD  U
(0,0) -0.301062   0.409935 
(0,1) -0.349269   -0.786973 
(1,0) -0.479418   -0.715174 
(1,1) -0.507333   0.036031 
SVD  V
(0,0) -0.949882   0.000000 
(0,1) 0.063668   0.306058 
(1,0) -0.312610   0.000000 
(1,1) -0.193459   -0.929972 
-------------------------------------------------
Singular values for k=2
Printing vector with n=2 elements
2
2.618334 
0.521270 
-------------------------------------------------
INFO=0 Order=2 
Singular Values:
0	2.574516
1	0.590893
SVD  H
(0,0) 0.868653   -0.927091 
(0,1) -0.725513   0.128656 
(1,0) 1.335791   1.665020 
(1,1) 0.486961   -0.162939 
SVD FXP  2.574516    0.590893

SVD  U
(0,0) -0.329005   0.423878 
(0,1) -0.332692   -0.775500 
(1,0) -0.504646   -0.676325 
(1,1) -0.531657   0.072508 
SVD  V
(0,0) -0.962884   0.000000 
(0,1) 0.061250   0.262873 
(1,0) -0.269915   0.000000 
(1,1) -0.218502   -0.937765 
-------------------------------------------------
Singular values for k=3
Printing vector with n=2 elements
2
2.574516 
0.590893 
-------------------------------------------------
INFO=0 Order=2 
Singular Values:
0	2.539040
1	0.663874
SVD  H
(0,0) 0.941895   -0.982473 
(0,1) -0.707523   0.199353 
(1,0) 1.369884   1.555048 
(1,1) 0.444494   -0.048732 
SVD FXP  2.539040    0.663874

SVD  U
(0,0) -0.360293   0.441816 
(0,1) -0.338603   -0.748556 
(1,0) -0.520207   -0.635903 
(1,1) -0.555884   0.126509 
SVD  V
(0,0) -0.974743   0.000000 
(0,1) 0.056223   0.216135 
(1,0) -0.223328   0.000000 
(1,1) -0.245392   -0.943349 
-------------------------------------------------
Singular values for k=4
Printing vector with n=2 elements
2
2.539040 
0.663874 
-------------------------------------------------
INFO=0 Order=2 
Singular Values:
0	2.518989
1	0.731087
SVD  H
(0,0) 1.013984   -1.065950 
(0,1) -0.659966   0.278607 
(1,0) 1.377604   1.452160 
(1,1) 0.436488   0.071537 
SVD FXP  2.518989    0.731087

SVD  U
(0,0) -0.389919   0.465592 
(0,1) -0.368233   -0.703983 
(1,0) -0.525975   -0.595431 
(1,1) -0.574166   0.197854 
SVD  V
(0,0) -0.984885   0.000000 
(0,1) 0.045603   0.167096 
(1,0) -0.173207   0.000000 
(1,1) -0.259307   -0.950136 
-------------------------------------------------
Singular values for k=5
Printing vector with n=2 elements
2
2.518989 
0.731087 
-------------------------------------------------
INFO=0 Order=2 
Singular Values:
0	2.518125
1	0.788592
SVD  H
(0,0) 1.070086   -1.177401 
(0,1) -0.577796   0.352253 
(1,0) 1.363131   1.365952 
(1,1) 0.462843   0.188054 
SVD FXP  2.518125    0.788592

SVD  U
(0,0) -0.410892   0.495094 
(0,1) -0.447519   -0.621109 
(1,0) -0.523619   -0.558456 
(1,1) -0.564779   0.308179 
SVD  V
(0,0) -0.992484   0.000000 
(0,1) 0.025589   0.119666 
(1,0) -0.122371   0.000000 
(1,1) -0.207537   -0.970543 
-------------------------------------------------
Singular values for k=6
Printing vector with n=2 elements
2
2.518125 
0.788592 
-------------------------------------------------
INFO=0 Order=2 
Singular Values:
0	2.537502
1	0.835850
SVD  H
(0,0) 1.098385   -1.308351 
(0,1) -0.463347   0.404989 
(1,0) 1.335369   1.304345 
(1,1) 0.521074   0.290823 
SVD FXP  2.537502    0.835850

SVD  U
(0,0) -0.417709   0.527411 
(0,1) -0.629980   -0.387921 
(1,0) -0.516831   -0.529380 
(1,1) -0.422773   0.523360 
SVD  V
(0,0) -0.996845   0.000000 
(0,1) -0.006354   0.079112 
(1,0) -0.079367   0.000000 
(1,1) 0.079805   -0.993646 
-------------------------------------------------
Singular values for k=7
Printing vector with n=2 elements
2
2.537502 
0.835850 
-------------------------------------------------
INFO=0 Order=2 
Singular Values:
0	2.577129
1	0.871811
SVD  H
(0,0) 1.094143   -1.446440 
(0,1) -0.325715   0.423983 
(1,0) 1.307214   1.270549 
(1,1) 0.605217   0.370223 
SVD FXP  2.577129    0.871811

SVD  U
(0,0) -0.409023   0.557978 
(0,1) 0.694954   -0.195958 
(1,0) -0.510507   -0.510631 
(1,1) -0.084112   -0.686706 
SVD  V
(0,0) -0.997519   0.000000 
(0,1) -0.049752   0.049809 
(1,0) 0.070400   0.000000 
(1,1) -0.704946   0.705758 
-------------------------------------------------
Singular values for k=8
Printing vector with n=2 elements
2
2.577129 
0.871811 
-------------------------------------------------
INFO=0 Order=2 
Singular Values:
0	2.636323
1	0.892765
SVD  H
(0,0) 1.059295   -1.580911 
(0,1) -0.178727   0.401543 
(1,0) 1.292430   1.260651 
(1,1) 0.705258   0.419112 
SVD FXP  2.636323    0.892765

SVD  U
(0,0) -0.387626   0.583223 
(0,1) 0.455772   -0.549425 
(1,0) -0.509080   -0.500433 
(1,1) -0.444708   -0.540961 
SVD  V
(0,0) -0.994361   0.000000 
(0,1) -0.100633   0.033441 
(1,0) 0.106044   0.000000 
(1,1) -0.943623   0.313576 
-------------------------------------------------
Singular values for k=9
Printing vector with n=2 elements
2
2.636323 
0.892765 
-------------------------------------------------
INFO=0 Order=2 
Singular Values:
0	2.711928
1	0.894204
SVD  H
(0,0) 0.998565   -1.705533 
(0,1) -0.038095   0.336589 
(1,0) 1.301054   1.263807 
(1,1) 0.808579   0.435531 
SVD FXP  2.711928    0.894204

SVD  U
(0,0) -0.358052   0.602661 
(0,1) 0.283052   -0.654583 
(1,0) -0.514947   -0.493384 
(1,1) -0.563911   -0.416421 
SVD  V
(0,0) -0.987826   0.000000 
(0,1) -0.152943   0.028432 
(1,0) 0.155563   0.000000 
(1,1) -0.971187   0.180545 
-------------------------------------------------
Singular values for k=10
Printing vector with n=2 elements
2
2.711928 
0.894204 
-------------------------------------------------
INFO=0 Order=2 
Singular Values:
0	2.796546
1	0.874528
SVD  H
(0,0) 0.915382   -1.817502 
(0,1) 0.081811   0.234738 
(1,0) 1.335747   1.265703 
(1,1) 0.903597   0.423940 
SVD FXP  2.796546    0.874528

SVD  U
(0,0) -0.323749   0.618445 
(0,1) 0.162757   -0.697297 
(1,0) -0.528022   -0.483638 
(1,1) -0.616381   -0.327661 
SVD  V
(0,0) -0.979002   0.000000 
(0,1) -0.201486   0.030957 
(1,0) 0.203851   0.000000 
(1,1) -0.967648   0.148672 
-------------------------------------------------
Singular values for k=11
Printing vector with n=2 elements
2
2.796546 
0.874528 
-------------------------------------------------
INFO=0 Order=2 
Singular Values:
0	2.879406
1	0.836763
SVD  H
(0,0) 0.810704   -1.913866 
(0,1) 0.170966   0.106815 
(1,0) 1.391371   1.253767 
(1,1) 0.983792   0.393314 
SVD FXP  2.879406    0.836763

SVD  U
(0,0) -0.285955   0.632827 
(0,1) 0.062080   -0.716873 
(1,0) -0.546615   -0.467944 
(1,1) -0.647444   -0.251110 
SVD  V
(0,0) -0.969022   0.000000 
(0,1) -0.244182   0.037033 
(1,0) 0.246974   0.000000 
(1,1) -0.958066   0.145301 
-------------------------------------------------
Singular values for k=12
Printing vector with n=2 elements
2
2.879406 
0.836763 
-------------------------------------------------
INFO=0 Order=2 
Singular Values:
0	2.949722
1	0.787173
SVD  H
(0,0) 0.685412   -1.988811 
(0,1) 0.225599   -0.034120 
(1,0) 1.458232   1.221232 
(1,1) 1.049368   0.352508 
SVD FXP  2.949722    0.787173

SVD  U
(0,0) -0.244776   0.646093 
(0,1) -0.029369   -0.722348 
(1,0) -0.568811   -0.446210 
(1,1) -0.667254   -0.179229 
SVD  V
(0,0) -0.958434   0.000000 
(0,1) -0.281874   0.044181 
(1,0) 0.285316   0.000000 
(1,1) -0.946873   0.148414 
-------------------------------------------------
Singular values for k=13
Printing vector with n=2 elements
2
2.949722 
0.787173 
-------------------------------------------------
INFO=0 Order=2 
Singular Values:
0	3.000122
1	0.732069
SVD  H
(0,0) 0.544115   -2.034364 
(0,1) 0.248123   -0.176443 
(1,0) 1.527025   1.167686 
(1,1) 1.104816   0.305528 
SVD FXP  3.000122    0.732069

SVD  U
(0,0) -0.201004   0.656608 
(0,1) -0.115264   -0.717758 
(1,0) -0.593394   -0.419936 
(1,1) -0.677962   -0.109110 
SVD  V
(0,0) -0.947172   0.000000 
(0,1) -0.316527   0.051731 
(1,0) 0.320727   0.000000 
(1,1) -0.934770   0.152773 
-------------------------------------------------
Singular values for k=14
Printing vector with n=2 elements
2
3.000122 
0.732069 
-------------------------------------------------
INFO=0 Order=2 
Singular Values:
0	3.028120
1	0.674501
SVD  H
(0,0) 0.396943   -2.044347 
(0,1) 0.244830   -0.312933 
(1,0) 1.592302   1.096048 
(1,1) 1.153413   0.250134 
SVD FXP  3.028120    0.674501

SVD  U
(0,0) -0.157033   0.662506 
(0,1) -0.199299   -0.704774 
(1,0) -0.619821   -0.390190 
(1,1) -0.679887   -0.036423 
SVD  V
(0,0) -0.935014   0.000000 
(0,1) -0.349483   0.060087 
(1,0) 0.354611   0.000000 
(1,1) -0.921493   0.158435 
-------------------------------------------------
Singular values for k=15
Printing vector with n=2 elements
2
3.028120 
0.674501 
-------------------------------------------------
INFO=0 Order=2 
Singular Values:
0	3.035116
1	0.612730
SVD  H
(0,0) 0.257350   -2.018764 
(0,1) 0.222212   -0.441610 
(1,0) 1.652364   1.008347 
(1,1) 1.192207   0.181395 
SVD FXP  3.035116    0.612730

SVD  U
(0,0) -0.116187   0.663602 
(0,1) -0.286025   -0.681412 
(1,0) -0.647360   -0.356451 
(1,1) -0.672166   0.045390 
SVD  V
(0,0) -0.922093   0.000000 
(0,1) -0.380650   0.069646 
(1,0) 0.386969   0.000000 
(1,1) -0.907035   0.165957 
-------------------------------------------------
Singular values for k=16
Printing vector with n=2 elements
2
3.035116 
0.612730 
-------------------------------------------------
INFO=0 Order=2 
Singular Values:
0	3.023718
1	0.541777
SVD  H
(0,0) 0.136852   -1.965177 
(0,1) 0.183726   -0.563919 
(1,0) 1.705994   0.903475 
(1,1) 1.211449   0.098439 
SVD FXP  3.023718    0.541777

SVD  U
(0,0) -0.080886   0.662240 
(0,1) -0.378826   -0.641394 
(1,0) -0.674118   -0.316955 
(1,1) -0.651725   0.142684 
SVD  V
(0,0) -0.909110   0.000000 
(0,1) -0.408825   0.079887 
(1,0) 0.416557   0.000000 
(1,1) -0.892235   0.174349 
-------------------------------------------------
Singular values for k=17
Printing vector with n=2 elements
2
3.023718 
0.541777 
-------------------------------------------------
INFO=0 Order=2 
Singular Values:
0	2.995159
1	0.457009
SVD  H
(0,0) 0.040123   -1.895540 
(0,1) 0.128750   -0.681242 
(1,0) 1.748821   0.778609 
(1,1) 1.199909   0.009900 
SVD FXP  2.995159    0.457009

SVD  U
(0,0) -0.050889   0.662332 
(0,1) -0.478246   -0.574462 
(1,0) -0.696893   -0.270308 
(1,1) -0.611607   0.259250 
SVD  V
(0,0) -0.897022   0.000000 
(0,1) -0.432914   0.089090 
(1,0) 0.441985   0.000000 
(1,1) -0.878611   0.180810 
-------------------------------------------------
Singular values for k=18
Printing vector with n=2 elements
2
2.995159 
0.457009 
-------------------------------------------------
INFO=0 Order=2 
Singular Values:
0	2.948529
1	0.357044
SVD  H
(0,0) -0.036091   -1.820174 
(0,1) 0.054367   -0.791761 
(1,0) 1.772362   0.633206 
(1,1) 1.153473   -0.066410 
SVD FXP  2.948529    0.357044

SVD  U
(0,0) 0.022994   -0.667096 
(0,1) -0.581674   -0.464876 
(1,0) 0.712219   0.217253 
(1,1) -0.537409   0.395901 
SVD  V
(0,0) 0.886298   0.000000 
(0,1) 0.453286   -0.094906 
(1,0) 0.463115   0.000000 
(1,1) -0.867488   0.181628 
-------------------------------------------------
Singular values for k=19
Printing vector with n=2 elements
2
2.948529 
0.357044 
-------------------------------------------------
INFO=0 Order=2 
Singular Values:
0	2.882169
1	0.245267
SVD  H
(0,0) -0.099183   -1.742717 
(0,1) -0.041107   -0.889660 
(1,0) 1.766856   0.472438 
(1,1) 1.081534   -0.110777 
SVD FXP  2.882169    0.245267

SVD  U
(0,0) -0.007412   -0.676978 
(0,1) -0.680805   -0.279554 
(1,0) 0.718070   0.161312 
(1,1) -0.394229   0.550398 
SVD  V
(0,0) 0.876233   0.000000 
(0,1) 0.472329   -0.095499 
(1,0) 0.481887   0.000000 
(1,1) -0.858854   0.173650 
-------------------------------------------------
Singular values for k=20
Printing vector with n=2 elements
2
2.882169 
0.245267 
-------------------------------------------------
INFO=0 Order=2 
Singular Values:
0	2.796072
1	0.134707
SVD  H
(0,0) -0.154254   -1.659482 
(0,1) -0.155092   -0.967222 
(1,0) 1.726097   0.307203 
(1,1) 1.006238   -0.112332 
SVD FXP  2.796072    0.134707

SVD  U
(0,0) -0.043760   -0.689130 
(0,1) -0.716174   0.101389 
(1,0) 0.715239   0.107781 
(1,1) -0.049913   0.688712 
SVD  V
(0,0) 0.864796   0.000000 
(0,1) 0.493880   -0.090610 
(1,0) 0.502123   0.000000 
(1,1) -0.850599   0.156056 
-------------------------------------------------
Singular values for k=21
Printing vector with n=2 elements
2
2.796072 
0.134707 
-------------------------------------------------
INFO=0 Order=2 
Singular Values:
0	2.693714
1	0.091894
SVD  H
(0,0) -0.199194   -1.563870 
(0,1) -0.280213   -1.018599 
(1,0) 1.650807   0.150257 
(1,1) 0.953654   -0.076876 
SVD FXP  2.693714    0.091894

SVD  U
(0,0) -0.086011   -0.698818 
(0,1) 0.051089   -0.708269 
(1,0) 0.707437   0.061549 
(1,1) -0.676426   -0.195430 
SVD  V
(0,0) 0.849045   0.000000 
(0,1) 0.521895   -0.082150 
(1,0) -0.528321   0.000000 
(1,1) 0.838718   -0.132020 
-------------------------------------------------
Singular values for k=22
Printing vector with n=2 elements
2
2.693714 
0.091894 
-------------------------------------------------
INFO=0 Order=2 
Singular Values:
0	2.582170
1	0.174045
SVD  H
(0,0) -0.224592   -1.453156 
(0,1) -0.406737   -1.042870 
(1,0) 1.547994   0.010944 
(1,1) 0.941104   -0.026341 
SVD FXP  2.582170    0.174045

SVD  U
(0,0) -0.129808   -0.702224 
(0,1) -0.532710   -0.454148 
(1,0) 0.699578   0.024918 
(1,1) -0.570033   0.430153 
SVD  V
(0,0) 0.825976   0.000000 
(0,1) 0.558773   -0.074405 
(1,0) -0.563705   0.000000 
(1,1) 0.818750   -0.109023 
-------------------------------------------------
Singular values for k=23
Printing vector with n=2 elements
2
2.582170 
0.174045 
-------------------------------------------------
INFO=0 Order=2 
Singular Values:
0	2.470066
1	0.275700
SVD  H
(0,0) -0.218754   -1.333361 
(0,1) -0.526535   -1.044419 
(1,0) 1.426514   -0.107839 
(1,1) 0.967882   0.010799 
SVD FXP  2.470066    0.275700

SVD  U
(0,0) -0.167707   -0.699517 
(0,1) -0.656352   -0.227493 
(1,0) 0.694652   -0.003027 
(1,1) -0.384899   0.607702 
SVD  V
(0,0) 0.793765   0.000000 
(0,1) 0.603709   -0.073979 
(1,0) -0.608225   0.000000 
(1,1) 0.787872   -0.096546 
-------------------------------------------------
Singular values for k=24
Printing vector with n=2 elements
2
2.470066 
0.275700 
-------------------------------------------------
INFO=0 Order=2 
Singular Values:
0	2.364037
1	0.370592
SVD  H
(0,0) -0.174896   -1.219079 
(0,1) -0.636118   -1.030361 
(1,0) 1.291906   -0.208246 
(1,1) 1.015092   0.013361 
SVD FXP  2.364037    0.370592

SVD  U
(0,0) -0.192185   -0.696479 
(0,1) -0.686025   -0.085741 
(1,0) 0.690935   -0.024311 
(1,1) -0.253442   0.676598 
SVD  V
(0,0) 0.753102   0.000000 
(0,1) 0.651815   -0.089302 
(1,0) -0.657904   0.000000 
(1,1) 0.746132   -0.102224 
-------------------------------------------------
Singular values for k=25
Printing vector with n=2 elements
2
2.364037 
0.370592 
-------------------------------------------------
INFO=0 Order=2 
Singular Values:
0	2.266239
1	0.459812
SVD  H
(0,0) -0.096258   -1.128221 
(0,1) -0.736899   -1.006628 
(1,0) 1.144218   -0.292625 
(1,1) 1.055196   -0.022246 
SVD FXP  2.266239    0.459812

SVD  U
(0,0) -0.198420   -0.702925 
(0,1) -0.683020   0.003173 
(1,0) 0.681975   -0.037898 
(1,1) -0.155799   0.713582 
SVD  V
(0,0) 0.707592   0.000000 
(0,1) 0.694657   -0.129479 
(1,0) -0.706621   0.000000 
(1,1) 0.695611   -0.129657 
-------------------------------------------------
Singular values for k=26
Printing vector with n=2 elements
2
2.266239 
0.459812 
-------------------------------------------------
INFO=0 Order=2 
Singular Values:
0	2.021758
1	0.398272
SVD  H
(0,0) 0.248631   -1.369761 
(0,1) -1.158203   -0.173271 
(1,0) -0.259746   0.397093 
(1,1) 0.839155   -0.085318 
SVD FXP  2.021758    0.398272

SVD  U
(0,0) -0.208849   0.870841 
(0,1) -0.190061   -0.402362 
(1,0) 0.107323   -0.431856 
(1,1) -0.375837   -0.812852 
SVD  V
(0,0) -0.714296   0.000000 
(0,1) 0.107780   0.691495 
(1,0) 0.699844   -0.000000 
(1,1) 0.110005   0.705774 
-------------------------------------------------
Singular values for k=38
Printing vector with n=2 elements
2
2.021758 
0.398272 
-------------------------------------------------
INFO=0 Order=2 
Singular Values:
0	2.061767
1	0.374954
SVD  H
(0,0) 0.241211   -1.408833 
(0,1) -1.130476   -0.142113 
(1,0) -0.287202   0.489966 
(1,1) 0.848103   -0.092088 
SVD FXP  2.061767    0.374954

SVD  U
(0,0) -0.197510   0.860036 
(0,1) -0.229961   -0.410421 
(1,0) 0.121839   -0.454404 
(1,1) -0.403168   -0.784938 
SVD  V
(0,0) -0.735739   0.000000 
(0,1) 0.119429   0.666652 
(1,0) 0.677265   -0.000000 
(1,1) 0.129740   0.724210 
-------------------------------------------------
Singular values for k=39
Printing vector with n=2 elements
2
2.061767 
0.374954 
-------------------------------------------------
INFO=0 Order=2 
Singular Values:
0	2.112835
1	0.361561
SVD  H
(0,0) 0.212451   -1.458844 
(0,1) -1.116137   -0.119585 
(1,0) -0.305849   0.579126 
(1,1) 0.848053   -0.115103 
SVD FXP  2.112835    0.361561

SVD  U
(0,0) -0.175168   0.855263 
(0,1) -0.282956   -0.397211 
(1,0) 0.121880   -0.472214 
(1,1) -0.469930   -0.735748 
SVD  V
(0,0) -0.755222   0.000000 
(0,1) 0.118774   0.644619 
(1,0) 0.655469   -0.000000 
(1,1) 0.136849   0.742719 
-------------------------------------------------
Singular values for k=40
Printing vector with n=2 elements
2
2.112835 
0.361561 
-------------------------------------------------
INFO=0 Order=2 
Singular Values:
0	2.163016
1	0.348990
SVD  H
(0,0) 0.152945   -1.506747 
(0,1) -1.118629   -0.093573 
(1,0) -0.319592   0.664144 
(1,1) 0.825946   -0.145796 
SVD FXP  2.163016    0.348990

SVD  U
(0,0) -0.139132   0.856615 
(0,1) -0.357665   -0.344862 
(1,0) 0.114294   -0.483519 
(1,1) -0.580361   -0.645234 
SVD  V
(0,0) -0.771901   0.000000 
(0,1) 0.111130   0.625955 
(1,0) 0.635743   -0.000000 
(1,1) 0.134931   0.760016 
-------------------------------------------------
Singular values for k=41
Printing vector with n=2 elements
2
2.163016 
0.348990 
-------------------------------------------------
INFO=0 Order=2 
Singular Values:
0	2.199262
1	0.328634
SVD  H
(0,0) 0.062594   -1.534034 
(0,1) -1.132657   -0.050295 
(1,0) -0.330982   0.748483 
(1,1) 0.777535   -0.166722 
SVD FXP  2.199262    0.328634

SVD  U
(0,0) -0.088425   0.860032 
(0,1) -0.443633   -0.236042 
(1,0) 0.107743   -0.490833 
(1,1) -0.712287   -0.490022 
SVD  V
(0,0) -0.785670   0.000000 
(0,1) 0.101173   0.610316 
(1,0) 0.618645   -0.000000 
(1,1) 0.128488   0.775093 
-------------------------------------------------
Singular values for k=42
Printing vector with n=2 elements
2
2.199262 
0.328634 
-------------------------------------------------
INFO=0 Order=2 
Singular Values:
0	2.211563
1	0.297528
SVD  H
(0,0) -0.046994   -1.523742 
(0,1) -1.143752   0.019211 
(1,0) -0.337747   0.836688 
(1,1) 0.712158   -0.160349 
SVD FXP  2.211563    0.297528

SVD  U
(0,0) 0.025207   -0.858672 
(0,1) -0.508575   -0.058294 
(1,0) -0.107867   0.500411 
(1,1) -0.821411   -0.251471 
SVD  V
(0,0) 0.796871   0.000000 
(0,1) -0.091513   -0.597179 
(1,0) 0.604150   -0.000000 
(1,1) 0.120705   0.787676 
-------------------------------------------------
Singular values for k=43
Printing vector with n=2 elements
2
2.211563 
0.297528 
-------------------------------------------------
INFO=0 Order=2 
Singular Values:
0	2.194958
1	0.259439
SVD  H
(0,0) -0.155377   -1.467830 
(0,1) -1.132713   0.113226 
(1,0) -0.333194   0.929248 
(1,1) 0.649564   -0.119042 
SVD FXP  2.194958    0.259439

SVD  U
(0,0) -0.044529   -0.845722 
(0,1) -0.498791   0.184333 
(1,0) -0.115078   0.519161 
(1,1) -0.843960   0.070426 
SVD  V
(0,0) 0.805969   0.000000 
(0,1) -0.082859   -0.586130 
(1,0) 0.591958   -0.000000 
(1,1) 0.112815   0.798034 
-------------------------------------------------
Singular values for k=44
Printing vector with n=2 elements
2
2.194958 
0.259439 
-------------------------------------------------
INFO=0 Order=2 
Singular Values:
0	2.149476
1	0.223134
SVD  H
(0,0) -0.240538   -1.371093 
(0,1) -1.083496   0.217637 
(1,0) -0.311231   1.019362 
(1,1) 0.610320   -0.049951 
SVD FXP  2.149476    0.223134

SVD  U
(0,0) -0.111649   -0.817213 
(0,1) -0.349250   0.444659 
(1,0) -0.125653   0.551279 
(1,1) -0.705263   0.427677 
SVD  V
(0,0) 0.813403   0.000000 
(0,1) -0.074953   -0.576851 
(1,0) 0.581700   -0.000000 
(1,1) 0.104809   0.806623 
-------------------------------------------------
Singular values for k=45
Printing vector with n=2 elements
2
2.149476 
0.223134 
-------------------------------------------------
INFO=0 Order=2 
Singular Values:
0	2.079197
1	0.197639
SVD  H
(0,0) -0.287019   -1.249390 
(0,1) -0.990801   0.309985 
(1,0) -0.272991   1.095039 
(1,1) 0.605433   0.028350 
SVD FXP  2.079197    0.197639

SVD  U
(0,0) -0.165777   -0.773683 
(0,1) -0.039817   0.610203 
(1,0) -0.135037   0.596404 
(1,1) -0.378580   0.694798 
SVD  V
(0,0) 0.819625   0.000000 
(0,1) -0.067538   -0.568905 
(1,0) 0.572900   -0.000000 
(1,1) 0.096625   0.813910 
-------------------------------------------------
Singular values for k=46
Printing vector with n=2 elements
2
2.079197 
0.197639 
-------------------------------------------------
INFO=0 Order=2 
Singular Values:
0	1.991865
1	0.184745
SVD  H
(0,0) -0.290841   -1.123132 
(0,1) -0.863395   0.367724 
(1,0) -0.230067   1.146426 
(1,1) 0.631366   0.095520 
SVD FXP  1.991865    0.184745

SVD  U
(0,0) -0.197758   -0.719939 
(0,1) 0.328296   0.578620 
(1,0) -0.141545   0.650034 
(1,1) 0.025087   0.746184 
SVD  V
(0,0) 0.825299   0.000000 
(0,1) -0.060883   -0.561404 
(1,0) 0.564696   -0.000000 
(1,1) 0.088981   0.820488 
-------------------------------------------------
Singular values for k=47
Printing vector with n=2 elements
2
1.991865 
0.184745 
-------------------------------------------------
INFO=0 Order=2 
Singular Values:
0	1.899778
1	0.176584
SVD  H
(0,0) -0.258950   -1.009534 
(0,1) -0.721340   0.376768 
(1,0) -0.200924   1.174187 
(1,1) 0.673241   0.139635 
SVD FXP  1.899778    0.176584

SVD  U
(0,0) -0.201910   -0.662723 
(0,1) -0.611962   -0.381487 
(1,0) -0.148207   0.705737 
(1,1) -0.338590   -0.604422 
SVD  V
(0,0) 0.831556   0.000000 
(0,1) -0.055417   -0.552669 
(1,0) -0.555440   0.000000 
(1,1) -0.082966   -0.827407 
-------------------------------------------------
Singular values for k=48
Printing vector with n=2 elements
2
1.899778 
0.176584 
-------------------------------------------------
INFO=0 Order=2 
Singular Values:
0	1.821225
1	0.163069
SVD  H
(0,0) -0.204108   -0.917633 
(0,1) -0.588564   0.336164 
(1,0) -0.201378   1.193200 
(1,1) 0.714003   0.162015 
SVD FXP  1.821225    0.163069

SVD  U
(0,0) -0.177636   -0.607103 
(0,1) -0.764310   -0.125306 
(1,0) -0.160635   0.757672 
(1,1) -0.501236   -0.385864 
SVD  V
(0,0) 0.839961   0.000000 
(0,1) -0.050227   -0.540317 
(1,0) -0.542647   0.000000 
(1,1) -0.077746   -0.836355 
-------------------------------------------------
Singular values for k=49
Printing vector with n=2 elements
2
1.821225 
0.163069 
-------------------------------------------------
INFO=0 Order=2 
Singular Values:
0	1.779614
1	0.138681
SVD  H
(0,0) -0.138573   -0.848089 
(0,1) -0.484604   0.256983 
(1,0) -0.234271   1.228093 
(1,1) 0.743939   0.174295 
SVD FXP  1.779614    0.138681

SVD  U
(0,0) -0.130506   -0.554110 
(0,1) -0.813952   0.115809 
(1,0) -0.180603   0.802068 
(1,1) -0.541883   -0.174450 
SVD  V
(0,0) 0.851501   0.000000 
(0,1) -0.041421   -0.522714 
(1,0) -0.524353   0.000000 
(1,1) -0.067265   -0.848840 
-------------------------------------------------
Singular values for k=50
Printing vector with n=2 elements
2
1.779614 
0.138681 
-------------------------------------------------
INFO=0 Order=2 
Singular Values:
0	1.796559
1	0.103047
SVD  H
(0,0) -0.070099   -0.796773 
(0,1) -0.419482   0.156670 
(1,0) -0.284737   1.302058 
(1,1) 0.765138   0.190015 
SVD FXP  1.796559    0.103047

SVD  U
(0,0) -0.071960   -0.502711 
(0,1) -0.805631   0.305062 
(1,0) -0.200198   0.837869 
(1,1) -0.507780   -0.007485 
SVD  V
(0,0) 0.864735   0.000000 
(0,1) -0.023681   -0.501669 
(1,0) -0.502228   0.000000 
(1,1) -0.040775   -0.863774 
-------------------------------------------------
Singular values for k=51
Printing vector with n=2 elements
2
1.796559 
0.103047 
-------------------------------------------------
INFO=0 Order=2 
Singular Values:
0	1.880083
1	0.059306
SVD  H
(0,0) -0.001757   -0.759142 
(0,1) -0.393531   0.052347 
(1,0) -0.324630   1.424777 
(1,1) 0.788865   0.215970 
SVD FXP  1.880083    0.059306

SVD  U
(0,0) -0.015111   -0.454544 
(0,1) -0.807592   0.375441 
(1,0) -0.204963   0.866690 
(1,1) -0.448262   0.076814 
SVD  V
(0,0) 0.875741   0.000000 
(0,1) 0.004066   -0.482763 
(1,0) -0.482780   0.000000 
(1,1) 0.007375   -0.875710 
-------------------------------------------------
Singular values for k=52
Printing vector with n=2 elements
2
1.880083 
0.059306 
-------------------------------------------------
INFO=0 Order=2 
Singular Values:
0	2.017872
1	0.024165
SVD  H
(0,0) 0.065591   -0.732526 
(0,1) -0.400998   -0.043468 
(1,0) -0.324348   1.586307 
(1,1) 0.828055   0.248112 
SVD FXP  2.017872    0.024165

SVD  U
(0,0) -0.031566   0.414342 
(0,1) -0.828114   -0.376234 
(1,0) 0.184661   -0.890632 
(1,1) -0.353203   -0.218915 
SVD  V
(0,0) -0.881273   0.000000 
(0,1) -0.036385   0.471205 
(1,0) -0.472608   0.000000 
(1,1) 0.067847   -0.878657 
-------------------------------------------------
Singular values for k=53
Printing vector with n=2 elements
2
2.017872 
0.024165 
-------------------------------------------------
INFO=0 Order=2 
Singular Values:
0	2.183072
1	0.060854
SVD  H
(0,0) 0.130852   -0.715582 
(0,1) -0.434420   -0.123327 
(1,0) -0.265902   1.760536 
(1,1) 0.889565   0.273643 
SVD FXP  2.183072    0.060854

SVD  U
(0,0) -0.066154   0.385737 
(0,1) -0.125942   -0.911575 
(1,0) 0.139169   -0.909650 
(1,1) -0.060544   -0.386657 
SVD  V
(0,0) -0.880942   0.000000 
(0,1) -0.065940   0.468608 
(1,0) -0.473225   0.000000 
(1,1) 0.122752   -0.872348 
-------------------------------------------------
Singular values for k=54
Printing vector with n=2 elements
2
2.183072 
0.060854 
-------------------------------------------------
INFO=0 Order=2 
Singular Values:
0	2.346497
1	0.117958
SVD  H
(0,0) 0.192315   -0.706407 
(0,1) -0.486973   -0.182720 
(1,0) -0.150242   1.916411 
(1,1) 0.970214   0.277346 
SVD FXP  2.346497    0.117958

SVD  U
(0,0) -0.090550   0.368942 
(0,1) -0.107784   -0.918730 
(1,0) 0.075922   -0.921910 
(1,1) -0.103265   -0.365587 
SVD  V
(0,0) -0.876286   0.000000 
(0,1) -0.087511   0.473777 
(1,0) -0.481791   0.000000 
(1,1) 0.159166   -0.861709 
-------------------------------------------------
Singular values for k=55
Printing vector with n=2 elements
2
2.346497 
0.117958 
-------------------------------------------------
INFO=0 Order=2 
Singular Values:
0	2.485996
1	0.177687
SVD  H
(0,0) 0.249248   -0.701659 
(0,1) -0.552057   -0.217971 
(1,0) 0.004720   2.030795 
(1,1) 1.057932   0.248293 
SVD FXP  2.485996    0.177687

SVD  U
(0,0) -0.107837   0.361532 
(0,1) -0.184363   -0.907566 
(1,0) 0.004961   -0.926089 
(1,1) -0.175864   -0.333775 
SVD  V
(0,0) -0.869359   0.000000 
(0,1) -0.098135   0.484338 
(1,0) -0.494180   0.000000 
(1,1) 0.172639   -0.852046 
-------------------------------------------------
Singular values for k=56
Printing vector with n=2 elements
2
2.485996 
0.177687 
-------------------------------------------------
INFO=0 Order=2 
Singular Values:
0	2.590393
1	0.237198
SVD  H
(0,0) 0.303555   -0.697879 
(0,1) -0.621596   -0.226215 
(1,0) 0.173702   2.096275 
(1,1) 1.136377   0.183758 
SVD FXP  2.590393    0.237198

SVD  U
(0,0) -0.121390   0.360017 
(0,1) -0.269809   -0.884791 
(1,0) -0.064740   -0.922746 
(1,1) -0.242202   -0.292722 
SVD  V
(0,0) -0.862291   0.000000 
(0,1) -0.096169   0.497198 
(1,0) -0.506413   0.000000 
(1,1) 0.163752   -0.846600 
-------------------------------------------------
Singular values for k=57
Printing vector with n=2 elements
2
2.590393 
0.237198 
-------------------------------------------------
INFO=0 Order=2 
Singular Values:
0	2.659157
1	0.293732
SVD  H
(0,0) 0.359457   -0.694046 
(0,1) -0.685430   -0.207442 
(1,0) 0.335500   2.120531 
(1,1) 1.190142   0.089401 
SVD FXP  2.659157    0.293732

SVD  U
(0,0) -0.134606   0.361129 
(0,1) -0.347798   -0.854695 
(1,0) -0.127434   -0.913908 
(1,1) -0.297482   -0.245025 
SVD  V
(0,0) -0.857320   0.000000 
(0,1) -0.081236   0.508333 
(1,0) -0.514784   0.000000 
(1,1) 0.135291   -0.846578 
-------------------------------------------------
Singular values for k=58
Printing vector with n=2 elements
2
2.659157 
0.293732 
-------------------------------------------------
INFO=0 Order=2 
Singular Values:
0	2.699177
1	0.343563
SVD  H
(0,0) 0.420832   -0.693071 
(0,1) -0.733223   -0.166749 
(1,0) 0.480256   2.118843 
(1,1) 1.208326   -0.023100 
SVD FXP  2.699177    0.343563

SVD  U
(0,0) -0.150278   0.362713 
(0,1) -0.413869   -0.821321 
(1,0) -0.181477   -0.901622 
(1,1) -0.342147   -0.192560 
SVD  V
(0,0) -0.856623   0.000000 
(0,1) -0.055110   0.512991 
(1,0) -0.515943   0.000000 
(1,1) 0.091499   -0.851722 
-------------------------------------------------
Singular values for k=59
Printing vector with n=2 elements
2
2.699177 
0.343563 
-------------------------------------------------
INFO=0 Order=2 
Singular Values:
0	2.719962
1	0.382415
SVD  H
(0,0) 0.487969   -0.700475 
(0,1) -0.758206   -0.114463 
(1,0) 0.609588   2.104814 
(1,1) 1.185953   -0.139106 
SVD FXP  2.719962    0.382415

SVD  U
(0,0) -0.169660   0.364174 
(0,1) -0.465496   -0.788611 
(1,0) -0.228835   -0.886695 
(1,1) -0.377533   -0.137390 
SVD  V
(0,0) -0.861669   0.000000 
(0,1) -0.022460   0.506974 
(1,0) -0.507471   0.000000 
(1,1) 0.038137   -0.860824 
-------------------------------------------------
Singular values for k=60
Printing vector with n=2 elements
2
2.719962 
0.382415 
-------------------------------------------------
INFO=0 Order=2 
Singular Values:
0	2.729000
1	0.407118
SVD  H
(0,0) 0.556392   -0.720671 
(0,1) -0.760455   -0.063160 
(1,0) 0.731054   2.084443 
(1,1) 1.123968   -0.243557 
SVD FXP  2.729000    0.407118

SVD  U
(0,0) -0.191973   0.366317 
(0,1) -0.499203   -0.761416 
(1,0) -0.273198   -0.868517 
(1,1) -0.405079   -0.083383 
SVD  V
(0,0) -0.872445   0.000000 
(0,1) 0.010010   0.488610 
(1,0) -0.488713   0.000000 
(1,1) -0.017870   -0.872262 
-------------------------------------------------
Singular values for k=61
Printing vector with n=2 elements
2
2.729000 
0.407118 
-------------------------------------------------
INFO=0 Order=2 
Singular Values:
0	2.729151
1	0.418390
SVD  H
(0,0) 0.619150   -0.753312 
(0,1) -0.747339   -0.022727 
(1,0) 0.851187   2.055832 
(1,1) 1.028693   -0.322925 
SVD FXP  2.729151    0.418390

SVD  U
(0,0) -0.215058   0.370505 
(0,1) -0.509766   -0.746066 
(1,0) -0.317484   -0.845979 
(1,1) -0.426797   -0.036987 
SVD  V
(0,0) -0.887341   0.000000 
(0,1) 0.036236   0.459687 
(1,0) -0.461113   0.000000 
(1,1) -0.069731   -0.884597 
-------------------------------------------------
Singular values for k=62
Printing vector with n=2 elements
2
2.729151 
0.418390 
-------------------------------------------------
INFO=0 Order=2 
Singular Values:
0	2.719152
1	0.423413
SVD  H
(0,0) 0.671461   -0.792595 
(0,1) -0.730352   0.003916 
(1,0) 0.971163   2.013184 
(1,1) 0.910958   -0.366962 
SVD FXP  2.719152    0.423413

SVD  U
(0,0) -0.236936   0.377517 
(0,1) -0.491899   -0.747916 
(1,0) -0.362263   -0.818601 
(1,1) -0.445679   -0.005313 
SVD  V
(0,0) -0.904003   0.000000 
(0,1) 0.053294   0.424191 
(1,0) -0.427526   0.000000 
(1,1) -0.112690   -0.896952 
-------------------------------------------------
Singular values for k=63
Printing vector with n=2 elements
2
2.719152 
0.423413 
-------------------------------------------------
2 2
Printing Complex Matrix (real,imag) Rows=2 Columns=2
0.000000+0.000000i 0.000000+0.000000i 
0.000000+0.000000i 0.000000+0.000000i 
2 2
Printing Complex Matrix (real,imag) Rows=2 Columns=2
-0.935810+-0.000000i -0.352505+-0.000000i 
0.064310-0.346589i -0.170728+0.920104i 
2 2
Printing Complex Matrix (real,imag) Rows=2 Columns=2
-0.949882+-0.000000i -0.312610+-0.000000i 
0.063668-0.306058i -0.193459+0.929972i 
2 2
Printing Complex Matrix (real,imag) Rows=2 Columns=2
-0.962884+-0.000000i -0.269915+-0.000000i 
0.061250-0.262873i -0.218502+0.937765i 
2 2
Printing Complex Matrix (real,imag) Rows=2 Columns=2
-0.974743+-0.000000i -0.223328+-0.000000i 
0.056223-0.216135i -0.245392+0.943349i 
2 2
Printing Complex Matrix (real,imag) Rows=2 Columns=2
-0.984885+-0.000000i -0.173207+-0.000000i 
0.045603-0.167096i -0.259307+0.950136i 
2 2
Printing Complex Matrix (real,imag) Rows=2 Columns=2
-0.992484+-0.000000i -0.122371+-0.000000i 
0.025589-0.119666i -0.207537+0.970543i 
2 2
Printing Complex Matrix (real,imag) Rows=2 Columns=2
-0.996845+-0.000000i -0.079367+-0.000000i 
-0.006354-0.079112i 0.079805+0.993646i 
2 2
Printing Complex Matrix (real,imag) Rows=2 Columns=2
-0.997519+-0.000000i 0.070400+-0.000000i 
-0.049752-0.049809i -0.704946-0.705758i 
2 2
Printing Complex Matrix (real,imag) Rows=2 Columns=2
-0.994361+-0.000000i 0.106044+-0.000000i 
-0.100633-0.033441i -0.943623-0.313576i 
2 2
Printing Complex Matrix (real,imag) Rows=2 Columns=2
-0.987826+-0.000000i 0.155563+-0.000000i 
-0.152943-0.028432i -0.971187-0.180545i 
2 2
Printing Complex Matrix (real,imag) Rows=2 Columns=2
-0.979002+-0.000000i 0.203851+-0.000000i 
-0.201486-0.030957i -0.967648-0.148672i 
2 2
Printing Complex Matrix (real,imag) Rows=2 Columns=2
-0.969022+-0.000000i 0.246974+-0.000000i 
-0.244182-0.037033i -0.958066-0.145301i 
2 2
Printing Complex Matrix (real,imag) Rows=2 Columns=2
-0.958434+-0.000000i 0.285316+-0.000000i 
-0.281874-0.044181i -0.946873-0.148414i 
2 2
Printing Complex Matrix (real,imag) Rows=2 Columns=2
-0.947172+-0.000000i 0.320727+-0.000000i 
-0.316527-0.051731i -0.934770-0.152773i 
2 2
Printing Complex Matrix (real,imag) Rows=2 Columns=2
-0.935014+-0.000000i 0.354611+-0.000000i 
-0.349483-0.060087i -0.921493-0.158435i 
2 2
Printing Complex Matrix (real,imag) Rows=2 Columns=2
-0.922093+-0.000000i 0.386969+-0.000000i 
-0.380650-0.069646i -0.907035-0.165957i 
2 2
Printing Complex Matrix (real,imag) Rows=2 Columns=2
-0.909110+-0.000000i 0.416557+-0.000000i 
-0.408825-0.079887i -0.892235-0.174349i 
2 2
Printing Complex Matrix (real,imag) Rows=2 Columns=2
-0.897022+-0.000000i 0.441985+-0.000000i 
-0.432914-0.089090i -0.878611-0.180810i 
2 2
Printing Complex Matrix (real,imag) Rows=2 Columns=2
0.886298+-0.000000i 0.463115+-0.000000i 
0.453286+0.094906i -0.867488-0.181628i 
2 2
Printing Complex Matrix (real,imag) Rows=2 Columns=2
0.876233+-0.000000i 0.481887+-0.000000i 
0.472329+0.095499i -0.858854-0.173650i 
2 2
Printing Complex Matrix (real,imag) Rows=2 Columns=2
0.864796+-0.000000i 0.502123+-0.000000i 
0.493880+0.090610i -0.850599-0.156056i 
2 2
Printing Complex Matrix (real,imag) Rows=2 Columns=2
0.849045+-0.000000i -0.528321+-0.000000i 
0.521895+0.082150i 0.838718+0.132020i 
2 2
Printing Complex Matrix (real,imag) Rows=2 Columns=2
0.825976+-0.000000i -0.563705+-0.000000i 
0.558773+0.074405i 0.818750+0.109023i 
2 2
Printing Complex Matrix (real,imag) Rows=2 Columns=2
0.793765+-0.000000i -0.608225+-0.000000i 
0.603709+0.073979i 0.787872+0.096546i 
2 2
Printing Complex Matrix (real,imag) Rows=2 Columns=2
0.753102+-0.000000i -0.657904+-0.000000i 
0.651815+0.089302i 0.746132+0.102224i 
2 2
Printing Complex Matrix (real,imag) Rows=2 Columns=2
0.707592+-0.000000i -0.706621+-0.000000i 
0.694657+0.129479i 0.695611+0.129657i 
2 2
Printing Complex Matrix (real,imag) Rows=2 Columns=2
0.000000+0.000000i 0.000000+0.000000i 
0.000000+0.000000i 0.000000+0.000000i 
2 2
Printing Complex Matrix (real,imag) Rows=2 Columns=2
0.000000+0.000000i 0.000000+0.000000i 
0.000000+0.000000i 0.000000+0.000000i 
2 2
Printing Complex Matrix (real,imag) Rows=2 Columns=2
0.000000+0.000000i 0.000000+0.000000i 
0.000000+0.000000i 0.000000+0.000000i 
2 2
Printing Complex Matrix (real,imag) Rows=2 Columns=2
0.000000+0.000000i 0.000000+0.000000i 
0.000000+0.000000i 0.000000+0.000000i 
2 2
Printing Complex Matrix (real,imag) Rows=2 Columns=2
0.000000+0.000000i 0.000000+0.000000i 
0.000000+0.000000i 0.000000+0.000000i 
2 2
Printing Complex Matrix (real,imag) Rows=2 Columns=2
0.000000+0.000000i 0.000000+0.000000i 
0.000000+0.000000i 0.000000+0.000000i 
2 2
Printing Complex Matrix (real,imag) Rows=2 Columns=2
0.000000+0.000000i 0.000000+0.000000i 
0.000000+0.000000i 0.000000+0.000000i 
2 2
Printing Complex Matrix (real,imag) Rows=2 Columns=2
0.000000+0.000000i 0.000000+0.000000i 
0.000000+0.000000i 0.000000+0.000000i 
2 2
Printing Complex Matrix (real,imag) Rows=2 Columns=2
0.000000+0.000000i 0.000000+0.000000i 
0.000000+0.000000i 0.000000+0.000000i 
2 2
Printing Complex Matrix (real,imag) Rows=2 Columns=2
0.000000+0.000000i 0.000000+0.000000i 
0.000000+0.000000i 0.000000+0.000000i 
2 2
Printing Complex Matrix (real,imag) Rows=2 Columns=2
0.000000+0.000000i 0.000000+0.000000i 
0.000000+0.000000i 0.000000+0.000000i 
2 2
Printing Complex Matrix (real,imag) Rows=2 Columns=2
-0.714296+-0.000000i 0.699844+0.000000i 
0.107780-0.691495i 0.110005-0.705774i 
2 2
Printing Complex Matrix (real,imag) Rows=2 Columns=2
-0.735739+-0.000000i 0.677265+0.000000i 
0.119429-0.666652i 0.129740-0.724210i 
2 2
Printing Complex Matrix (real,imag) Rows=2 Columns=2
-0.755222+-0.000000i 0.655469+0.000000i 
0.118774-0.644619i 0.136849-0.742719i 
2 2
Printing Complex Matrix (real,imag) Rows=2 Columns=2
-0.771901+-0.000000i 0.635743+0.000000i 
0.111130-0.625955i 0.134931-0.760016i 
2 2
Printing Complex Matrix (real,imag) Rows=2 Columns=2
-0.785670+-0.000000i 0.618645+0.000000i 
0.101173-0.610316i 0.128488-0.775093i 
2 2
Printing Complex Matrix (real,imag) Rows=2 Columns=2
0.796871+-0.000000i 0.604150+0.000000i 
-0.091513+0.597179i 0.120705-0.787676i 
2 2
Printing Complex Matrix (real,imag) Rows=2 Columns=2
0.805969+-0.000000i 0.591958+0.000000i 
-0.082859+0.586130i 0.112815-0.798034i 
2 2
Printing Complex Matrix (real,imag) Rows=2 Columns=2
0.813403+-0.000000i 0.581700+0.000000i 
-0.074953+0.576851i 0.104809-0.806623i 
2 2
Printing Complex Matrix (real,imag) Rows=2 Columns=2
0.819625+-0.000000i 0.572900+0.000000i 
-0.067538+0.568905i 0.096625-0.813910i 
2 2
Printing Complex Matrix (real,imag) Rows=2 Columns=2
0.825299+-0.000000i 0.564696+0.000000i 
-0.060883+0.561404i 0.088981-0.820488i 
2 2
Printing Complex Matrix (real,imag) Rows=2 Columns=2
0.831556+-0.000000i -0.555440+-0.000000i 
-0.055417+0.552669i -0.082966+0.827407i 
2 2
Printing Complex Matrix (real,imag) Rows=2 Columns=2
0.839961+-0.000000i -0.542647+-0.000000i 
-0.050227+0.540317i -0.077746+0.836355i 
2 2
Printing Complex Matrix (real,imag) Rows=2 Columns=2
0.851501+-0.000000i -0.524353+-0.000000i 
-0.041421+0.522714i -0.067265+0.848840i 
2 2
Printing Complex Matrix (real,imag) Rows=2 Columns=2
0.864735+-0.000000i -0.502228+-0.000000i 
-0.023681+0.501669i -0.040775+0.863774i 
2 2
Printing Complex Matrix (real,imag) Rows=2 Columns=2
0.875741+-0.000000i -0.482780+-0.000000i 
0.004066+0.482763i 0.007375+0.875710i 
2 2
Printing Complex Matrix (real,imag) Rows=2 Columns=2
-0.881273+-0.000000i -0.472608+-0.000000i 
-0.036385-0.471205i 0.067847+0.878657i 
2 2
Printing Complex Matrix (real,imag) Rows=2 Columns=2
-0.880942+-0.000000i -0.473225+-0.000000i 
-0.065940-0.468608i 0.122752+0.872348i 
2 2
Printing Complex Matrix (real,imag) Rows=2 Columns=2
-0.876286+-0.000000i -0.481791+-0.000000i 
-0.087511-0.473777i 0.159166+0.861709i 
2 2
Printing Complex Matrix (real,imag) Rows=2 Columns=2
-0.869359+-0.000000i -0.494180+-0.000000i 
-0.098135-0.484338i 0.172639+0.852046i 
2 2
Printing Complex Matrix (real,imag) Rows=2 Columns=2
-0.862291+-0.000000i -0.506413+-0.000000i 
-0.096169-0.497198i 0.163752+0.846600i 
2 2
Printing Complex Matrix (real,imag) Rows=2 Columns=2
-0.857320+-0.000000i -0.514784+-0.000000i 
-0.081236-0.508333i 0.135291+0.846578i 
2 2
Printing Complex Matrix (real,imag) Rows=2 Columns=2
-0.856623+-0.000000i -0.515943+-0.000000i 
-0.055110-0.512991i 0.091499+0.851722i 
2 2
Printing Complex Matrix (real,imag) Rows=2 Columns=2
-0.861669+-0.000000i -0.507471+-0.000000i 
-0.022460-0.506974i 0.038137+0.860824i 
2 2
Printing Complex Matrix (real,imag) Rows=2 Columns=2
-0.872445+-0.000000i -0.488713+-0.000000i 
0.010010-0.488610i -0.017870+0.872262i 
2 2
Printing Complex Matrix (real,imag) Rows=2 Columns=2
-0.887341+-0.000000i -0.461113+-0.000000i 
0.036236-0.459687i -0.069731+0.884597i 
2 2
Printing Complex Matrix (real,imag) Rows=2 Columns=2
-0.904003+-0.000000i -0.427526+-0.000000i 
0.053294-0.424191i -0.112690+0.896952i 
FEEDBACK sample number=0
2 2
Printing Complex Matrix (real,imag) Rows=2 Columns=2
0.000000+0.000000i 0.000000+0.000000i 
0.000000+0.000000i 0.000000+0.000000i 
FEEDBACK sample number=1
2 2
Printing Complex Matrix (real,imag) Rows=2 Columns=2
-0.935810+-0.000000i -0.352505+-0.000000i 
0.064310-0.346589i -0.170728+0.920104i 
FEEDBACK sample number=2
2 2
Printing Complex Matrix (real,imag) Rows=2 Columns=2
-0.949882+-0.000000i -0.312610+-0.000000i 
0.063668-0.306058i -0.193459+0.929972i 
FEEDBACK sample number=3
2 2
Printing Complex Matrix (real,imag) Rows=2 Columns=2
-0.962884+-0.000000i -0.269915+-0.000000i 
0.061250-0.262873i -0.218502+0.937765i 
FEEDBACK sample number=4
2 2
Printing Complex Matrix (real,imag) Rows=2 Columns=2
-0.974743+-0.000000i -0.223328+-0.000000i 
0.056223-0.216135i -0.245392+0.943349i 
FEEDBACK sample number=5
2 2
Printing Complex Matrix (real,imag) Rows=2 Columns=2
-0.984885+-0.000000i -0.173207+-0.000000i 
0.045603-0.167096i -0.259307+0.950136i 
FEEDBACK sample number=6
2 2
Printing Complex Matrix (real,imag) Rows=2 Columns=2
-0.992484+-0.000000i -0.122371+-0.000000i 
0.025589-0.119666i -0.207537+0.970543i 
FEEDBACK sample number=7
2 2
Printing Complex Matrix (real,imag) Rows=2 Columns=2
-0.996845+-0.000000i -0.079367+-0.000000i 
-0.006354-0.079112i 0.079805+0.993646i 
FEEDBACK sample number=8
2 2
Printing Complex Matrix (real,imag) Rows=2 Columns=2
-0.997519+-0.000000i 0.070400+-0.000000i 
-0.049752-0.049809i -0.704946-0.705758i 
FEEDBACK sample number=9
2 2
Printing Complex Matrix (real,imag) Rows=2 Columns=2
-0.994361+-0.000000i 0.106044+-0.000000i 
-0.100633-0.033441i -0.943623-0.313576i 
FEEDBACK sample number=10
2 2
Printing Complex Matrix (real,imag) Rows=2 Columns=2
-0.987826+-0.000000i 0.155563+-0.000000i 
-0.152943-0.028432i -0.971187-0.180545i 
FEEDBACK sample number=11
2 2
Printing Complex Matrix (real,imag) Rows=2 Columns=2
-0.979002+-0.000000i 0.203851+-0.000000i 
-0.201486-0.030957i -0.967648-0.148672i 
FEEDBACK sample number=12
2 2
Printing Complex Matrix (real,imag) Rows=2 Columns=2
-0.969022+-0.000000i 0.246974+-0.000000i 
-0.244182-0.037033i -0.958066-0.145301i 
FEEDBACK sample number=13
2 2
Printing Complex Matrix (real,imag) Rows=2 Columns=2
-0.958434+-0.000000i 0.285316+-0.000000i 
-0.281874-0.044181i -0.946873-0.148414i 
FEEDBACK sample number=14
2 2
Printing Complex Matrix (real,imag) Rows=2 Columns=2
-0.947172+-0.000000i 0.320727+-0.000000i 
-0.316527-0.051731i -0.934770-0.152773i 
FEEDBACK sample number=15
2 2
Printing Complex Matrix (real,imag) Rows=2 Columns=2
-0.935014+-0.000000i 0.354611+-0.000000i 
-0.349483-0.060087i -0.921493-0.158435i 
FEEDBACK sample number=16
2 2
Printing Complex Matrix (real,imag) Rows=2 Columns=2
-0.922093+-0.000000i 0.386969+-0.000000i 
-0.380650-0.069646i -0.907035-0.165957i 
FEEDBACK sample number=17
2 2
Printing Complex Matrix (real,imag) Rows=2 Columns=2
-0.909110+-0.000000i 0.416557+-0.000000i 
-0.408825-0.079887i -0.892235-0.174349i 
FEEDBACK sample number=18
2 2
Printing Complex Matrix (real,imag) Rows=2 Columns=2
-0.897022+-0.000000i 0.441985+-0.000000i 
-0.432914-0.089090i -0.878611-0.180810i 
FEEDBACK sample number=19
2 2
Printing Complex Matrix (real,imag) Rows=2 Columns=2
0.886298+-0.000000i 0.463115+-0.000000i 
0.453286+0.094906i -0.867488-0.181628i 
FEEDBACK sample number=20
2 2
Printing Complex Matrix (real,imag) Rows=2 Columns=2
0.876233+-0.000000i 0.481887+-0.000000i 
0.472329+0.095499i -0.858854-0.173650i 
FEEDBACK sample number=21
2 2
Printing Complex Matrix (real,imag) Rows=2 Columns=2
0.864796+-0.000000i 0.502123+-0.000000i 
0.493880+0.090610i -0.850599-0.156056i 
FEEDBACK sample number=22
2 2
Printing Complex Matrix (real,imag) Rows=2 Columns=2
0.849045+-0.000000i -0.528321+-0.000000i 
0.521895+0.082150i 0.838718+0.132020i 
FEEDBACK sample number=23
2 2
Printing Complex Matrix (real,imag) Rows=2 Columns=2
0.825976+-0.000000i -0.563705+-0.000000i 
0.558773+0.074405i 0.818750+0.109023i 
FEEDBACK sample number=24
2 2
Printing Complex Matrix (real,imag) Rows=2 Columns=2
0.793765+-0.000000i -0.608225+-0.000000i 
0.603709+0.073979i 0.787872+0.096546i 
FEEDBACK sample number=25
2 2
Printing Complex Matrix (real,imag) Rows=2 Columns=2
0.753102+-0.000000i -0.657904+-0.000000i 
0.651815+0.089302i 0.746132+0.102224i 
FEEDBACK sample number=26
2 2
Printing Complex Matrix (real,imag) Rows=2 Columns=2
0.707592+-0.000000i -0.706621+-0.000000i 
0.694657+0.129479i 0.695611+0.129657i 
FEEDBACK sample number=27
2 2
Printing Complex Matrix (real,imag) Rows=2 Columns=2
0.000000+0.000000i 0.000000+0.000000i 
0.000000+0.000000i 0.000000+0.000000i 
FEEDBACK sample number=28
2 2
Printing Complex Matrix (real,imag) Rows=2 Columns=2
0.000000+0.000000i 0.000000+0.000000i 
0.000000+0.000000i 0.000000+0.000000i 
FEEDBACK sample number=29
2 2
Printing Complex Matrix (real,imag) Rows=2 Columns=2
0.000000+0.000000i 0.000000+0.000000i 
0.000000+0.000000i 0.000000+0.000000i 
FEEDBACK sample number=30
2 2
Printing Complex Matrix (real,imag) Rows=2 Columns=2
0.000000+0.000000i 0.000000+0.000000i 
0.000000+0.000000i 0.000000+0.000000i 
FEEDBACK sample number=31
2 2
Printing Complex Matrix (real,imag) Rows=2 Columns=2
0.000000+0.000000i 0.000000+0.000000i 
0.000000+0.000000i 0.000000+0.000000i 
FEEDBACK sample number=32
2 2
Printing Complex Matrix (real,imag) Rows=2 Columns=2
0.000000+0.000000i 0.000000+0.000000i 
0.000000+0.000000i 0.000000+0.000000i 
FEEDBACK sample number=33
2 2
Printing Complex Matrix (real,imag) Rows=2 Columns=2
0.000000+0.000000i 0.000000+0.000000i 
0.000000+0.000000i 0.000000+0.000000i 
FEEDBACK sample number=34
2 2
Printing Complex Matrix (real,imag) Rows=2 Columns=2
0.000000+0.000000i 0.000000+0.000000i 
0.000000+0.000000i 0.000000+0.000000i 
FEEDBACK sample number=35
2 2
Printing Complex Matrix (real,imag) Rows=2 Columns=2
0.000000+0.000000i 0.000000+0.000000i 
0.000000+0.000000i 0.000000+0.000000i 
FEEDBACK sample number=36
2 2
Printing Complex Matrix (real,imag) Rows=2 Columns=2
0.000000+0.000000i 0.000000+0.000000i 
0.000000+0.000000i 0.000000+0.000000i 
FEEDBACK sample number=37
2 2
Printing Complex Matrix (real,imag) Rows=2 Columns=2
0.000000+0.000000i 0.000000+0.000000i 
0.000000+0.000000i 0.000000+0.000000i 
FEEDBACK sample number=38
2 2
Printing Complex Matrix (real,imag) Rows=2 Columns=2
-0.714296+-0.000000i 0.699844+0.000000i 
0.107780-0.691495i 0.110005-0.705774i 
FEEDBACK sample number=39
2 2
Printing Complex Matrix (real,imag) Rows=2 Columns=2
-0.735739+-0.000000i 0.677265+0.000000i 
0.119429-0.666652i 0.129740-0.724210i 
FEEDBACK sample number=40
2 2
Printing Complex Matrix (real,imag) Rows=2 Columns=2
-0.755222+-0.000000i 0.655469+0.000000i 
0.118774-0.644619i 0.136849-0.742719i 
FEEDBACK sample number=41
2 2
Printing Complex Matrix (real,imag) Rows=2 Columns=2
-0.771901+-0.000000i 0.635743+0.000000i 
0.111130-0.625955i 0.134931-0.760016i 
FEEDBACK sample number=42
2 2
Printing Complex Matrix (real,imag) Rows=2 Columns=2
-0.785670+-0.000000i 0.618645+0.000000i 
0.101173-0.610316i 0.128488-0.775093i 
FEEDBACK sample number=43
2 2
Printing Complex Matrix (real,imag) Rows=2 Columns=2
0.796871+-0.000000i 0.604150+0.000000i 
-0.091513+0.597179i 0.120705-0.787676i 
FEEDBACK sample number=44
2 2
Printing Complex Matrix (real,imag) Rows=2 Columns=2
0.805969+-0.000000i 0.591958+0.000000i 
-0.082859+0.586130i 0.112815-0.798034i 
FEEDBACK sample number=45
2 2
Printing Complex Matrix (real,imag) Rows=2 Columns=2
0.813403+-0.000000i 0.581700+0.000000i 
-0.074953+0.576851i 0.104809-0.806623i 
FEEDBACK sample number=46
2 2
Printing Complex Matrix (real,imag) Rows=2 Columns=2
0.819625+-0.000000i 0.572900+0.000000i 
-0.067538+0.568905i 0.096625-0.813910i 
FEEDBACK sample number=47
2 2
Printing Complex Matrix (real,imag) Rows=2 Columns=2
0.825299+-0.000000i 0.564696+0.000000i 
-0.060883+0.561404i 0.088981-0.820488i 
FEEDBACK sample number=48
2 2
Printing Complex Matrix (real,imag) Rows=2 Columns=2
0.831556+-0.000000i -0.555440+-0.000000i 
-0.055417+0.552669i -0.082966+0.827407i 
FEEDBACK sample number=49
2 2
Printing Complex Matrix (real,imag) Rows=2 Columns=2
0.839961+-0.000000i -0.542647+-0.000000i 
-0.050227+0.540317i -0.077746+0.836355i 
FEEDBACK sample number=50
2 2
Printing Complex Matrix (real,imag) Rows=2 Columns=2
0.851501+-0.000000i -0.524353+-0.000000i 
-0.041421+0.522714i -0.067265+0.848840i 
FEEDBACK sample number=51
2 2
Printing Complex Matrix (real,imag) Rows=2 Columns=2
0.864735+-0.000000i -0.502228+-0.000000i 
-0.023681+0.501669i -0.040775+0.863774i 
FEEDBACK sample number=52
2 2
Printing Complex Matrix (real,imag) Rows=2 Columns=2
0.875741+-0.000000i -0.482780+-0.000000i 
0.004066+0.482763i 0.007375+0.875710i 
FEEDBACK sample number=53
2 2
Printing Complex Matrix (real,imag) Rows=2 Columns=2
-0.881273+-0.000000i -0.472608+-0.000000i 
-0.036385-0.471205i 0.067847+0.878657i 
FEEDBACK sample number=54
2 2
Printing Complex Matrix (real,imag) Rows=2 Columns=2
-0.880942+-0.000000i -0.473225+-0.000000i 
-0.065940-0.468608i 0.122752+0.872348i 
FEEDBACK sample number=55
2 2
Printing Complex Matrix (real,imag) Rows=2 Columns=2
-0.876286+-0.000000i -0.481791+-0.000000i 
-0.087511-0.473777i 0.159166+0.861709i 
FEEDBACK sample number=56
2 2
Printing Complex Matrix (real,imag) Rows=2 Columns=2
-0.869359+-0.000000i -0.494180+-0.000000i 
-0.098135-0.484338i 0.172639+0.852046i 
FEEDBACK sample number=57
2 2
Printing Complex Matrix (real,imag) Rows=2 Columns=2
-0.862291+-0.000000i -0.506413+-0.000000i 
-0.096169-0.497198i 0.163752+0.846600i 
FEEDBACK sample number=58
2 2
Printing Complex Matrix (real,imag) Rows=2 Columns=2
-0.857320+-0.000000i -0.514784+-0.000000i 
-0.081236-0.508333i 0.135291+0.846578i 
FEEDBACK sample number=59
2 2
Printing Complex Matrix (real,imag) Rows=2 Columns=2
-0.856623+-0.000000i -0.515943+-0.000000i 
-0.055110-0.512991i 0.091499+0.851722i 
FEEDBACK sample number=60
2 2
Printing Complex Matrix (real,imag) Rows=2 Columns=2
-0.861669+-0.000000i -0.507471+-0.000000i 
-0.022460-0.506974i 0.038137+0.860824i 
FEEDBACK sample number=61
2 2
Printing Complex Matrix (real,imag) Rows=2 Columns=2
-0.872445+-0.000000i -0.488713+-0.000000i 
0.010010-0.488610i -0.017870+0.872262i 
FEEDBACK sample number=62
2 2
Printing Complex Matrix (real,imag) Rows=2 Columns=2
-0.887341+-0.000000i -0.461113+-0.000000i 
0.036236-0.459687i -0.069731+0.884597i 
FEEDBACK sample number=63
2 2
Printing Complex Matrix (real,imag) Rows=2 Columns=2
-0.904003+-0.000000i -0.427526+-0.000000i 
0.053294-0.424191i -0.112690+0.896952i 
minAvailableStreams=0
minAvailableStreams=0
minAvailableStreams=0
minAvailableStreams=0
minAvailableStreams=0
minAvailableStreams=0
minAvailableStreams=0
minAvailableStreams=0
minAvailableStreams=0
minAvailableStreams=0
minAvailableStreams=0
minAvailableStreams=0
minAvailableStreams=0
minAvailableStreams=0
minAvailableStreams=0
minAvailableStreams=0
minAvailableStreams=0
minAvailableStreams=0
minAvailableStreams=0
minAvailableStreams=0
minAvailableStreams=0
minAvailableStreams=0
minAvailableStreams=0
minAvailableStreams=0
minAvailableStreams=0
minAvailableStreams=0
minAvailableStreams=0
minAvailableStreams=0
minAvailableStreams=0
minAvailableStreams=0
minAvailableStreams=0
minAvailableStreams=0
minAvailableStreams=0
minAvailableStreams=0
minAvailableStreams=0
minAvailableStreams=0
minAvailableStreams=0
minAvailableStreams=0
minAvailableStreams=0
minAvailableStreams=0
minAvailableStreams=0
minAvailableStreams=0
minAvailableStreams=0
minAvailableStreams=0
minAvailableStreams=0
minAvailableStreams=0
minAvailableStreams=0
minAvailableStreams=0
minAvailableStreams=0
minAvailableStreams=0
minAvailableStreams=0
minAvailableStreams=0
minAvailableStreams=0
minAvailableStreams=0
minAvailableStreams=0
minAvailableStreams=0
minAvailableStreams=0
minAvailableStreams=0
minAvailableStreams=0
minAvailableStreams=0
minAvailableStreams=0
minAvailableStreams=0
minAvailableStreams=0
minAvailableStreams=0
minAvailableStreams=0
minAvailableStreams=0
minAvailableStreams=0
minAvailableStreams=0
minAvailableStreams=0
minAvailableStreams=0
minAvailableStreams=0
minAvailableStreams=0
minAvailableStreams=0
minAvailableStreams=0
minAvailableStreams=0
minAvailableStreams=0
minAvailableStreams=0
minAvailableStreams=0
minAvailableStreams=0
minAvailableStreams=0
minAvailableStreams=0
minAvailableStreams=0
minAvailableStreams=0
minAvailableStreams=0
minAvailableStreams=0
minAvailableStreams=0
minAvailableStreams=0
minAvailableStreams=0
minAvailableStreams=0
minAvailableStreams=0
minAvailableStreams=0
minAvailableStreams=0
minAvailableStreams=0
minAvailableStreams=0
minAvailableStreams=0
minAvailableStreams=0
minAvailableStreams=0
minAvailableStreams=0
minAvailableStreams=0
minAvailableStreams=0
minAvailableStreams=0
minAvailableStreams=0
minAvailableStreams=0
minAvailableStreams=0
minAvailableStreams=0
minAvailableStreams=0
minAvailableStreams=0
minAvailableStreams=0
minAvailableStreams=0
minAvailableStreams=0
minAvailableStreams=0
minAvailableStreams=0
minAvailableStreams=0
minAvailableStreams=0
minAvailableStreams=0
minAvailableStreams=0
minAvailableStreams=0
minAvailableStreams=0
minAvailableStreams=0
minAvailableStreams=0
minAvailableStreams=0
minAvailableStreams=0
minAvailableStreams=0
minAvailableStreams=0
minAvailableStreams=576
minAvailableStreams=576
SYMBOL numSymbols=64  symbolCount=0
Computing iTx=0
Computing iTx=1
SYMBOL numSymbols=64  symbolCount=1
Computing iTx=0
Computing iTx=1
SYMBOL numSymbols=64  symbolCount=2
Computing iTx=0
Computing iTx=1
SYMBOL numSymbols=64  symbolCount=3
Computing iTx=0
Computing iTx=1
SYMBOL numSymbols=64  symbolCount=4
Computing iTx=0
Computing iTx=1
SYMBOL numSymbols=64  symbolCount=5
Computing iTx=0
Computing iTx=1
SYMBOL numSymbols=64  symbolCount=6
Computing iTx=0
Computing iTx=1
SYMBOL numSymbols=64  symbolCount=7
Computing iTx=0
Computing iTx=1
SYMBOL numSymbols=64  symbolCount=8
Computing iTx=0
Computing iTx=1
minAvailableStreams=0
minAvailableStreams=0
minAvailableStreams=0
minAvailableStreams=0
minAvailableStreams=0
minAvailableStreams=0
minAvailableStreams=0
minAvailableStreams=0
minAvailableStreams=0
minAvailableStreams=0
minAvailableStreams=0
minAvailableStreams=0
minAvailableStreams=0
minAvailableStreams=0
minAvailableStreams=0
minAvailableStreams=0
minAvailableStreams=0
minAvailableStreams=0
minAvailableStreams=0
minAvailableStreams=0
minAvailableStreams=0
minAvailableStreams=0
minAvailableStreams=0
minAvailableStreams=0
minAvailableStreams=0
minAvailableStreams=0
minAvailableStreams=0
minAvailableStreams=0
minAvailableStreams=0
minAvailableStreams=0
minAvailableStreams=0
minAvailableStreams=0
minAvailableStreams=0
minAvailableStreams=0
minAvailableStreams=0
minAvailableStreams=0
minAvailableStreams=0
minAvailableStreams=0
minAvailableStreams=0
minAvailableStreams=0
minAvailableStreams=0
minAvailableStreams=0
minAvailableStreams=0
minAvailableStreams=0
minAvailableStreams=0
minAvailableStreams=0
minAvailableStreams=0
minAvailableStreams=0
minAvailableStreams=0
minAvailableStreams=0
minAvailableStreams=0
minAvailableStreams=0
minAvailableStreams=0
minAvailableStreams=0
minAvailableStreams=0
minAvailableStreams=0
minAvailableStreams=0
minAvailableStreams=0
minAvailableStreams=0
minAvailableStreams=0
minAvailableStreams=0
minAvailableStreams=0
minAvailableStreams=0
minAvailableStreams=0
minAvailableStreams=0
minAvailableStreams=0
minAvailableStreams=0
minAvailableStreams=0
minAvailableStreams=0
minAvailableStreams=0
minAvailableStreams=0
minAvailableStreams=0
minAvailableStreams=0
minAvailableStreams=0
minAvailableStreams=0
minAvailableStreams=0
minAvailableStreams=0
minAvailableStreams=0
minAvailableStreams=0
minAvailableStreams=0
minAvailableStreams=0
minAvailableStreams=0
minAvailableStreams=0
minAvailableStreams=0
minAvailableStreams=0
minAvailableStreams=0
minAvailableStreams=0
minAvailableStreams=0
minAvailableStreams=0
minAvailableStreams=0
minAvailableStreams=0
minAvailableStreams=0
minAvailableStreams=0
minAvailableStreams=0
minAvailableStreams=0
minAvailableStreams=0
minAvailableStreams=0
minAvailableStreams=0
minAvailableStreams=0
minAvailableStreams=0
minAvailableStreams=0
minAvailableStreams=0
minAvailableStreams=0
minAvailableStreams=0
minAvailableStreams=0
minAvailableStreams=0
minAvailableStreams=0
minAvailableStreams=0
minAvailableStreams=0
minAvailableStreams=0
minAvailableStreams=0
minAvailableStreams=0
minAvailableStreams=0
minAvailableStreams=0
minAvailableStreams=0
minAvailableStreams=0
minAvailableStreams=0
minAvailableStreams=0
minAvailableStreams=0
minAvailableStreams=0
minAvailableStreams=0
minAvailableStreams=0
minAvailableStreams=640
minAvailableStreams=640
SYMBOL numSymbols=64  symbolCount=9
Computing iTx=0
Computing iTx=1
SYMBOL numSymbols=64  symbolCount=10
Computing iTx=0
Computing iTx=1
SYMBOL numSymbols=64  symbolCount=11
Computing iTx=0
Computing iTx=1
SYMBOL numSymbols=64  symbolCount=12
Computing iTx=0
Computing iTx=1
SYMBOL numSymbols=64  symbolCount=13
Computing iTx=0
Computing iTx=1
SYMBOL numSymbols=64  symbolCount=14
Computing iTx=0
Computing iTx=1
SYMBOL numSymbols=64  symbolCount=15
Computing iTx=0
Computing iTx=1
SYMBOL numSymbols=64  symbolCount=16
Computing iTx=0
Computing iTx=1
SYMBOL numSymbols=64  symbolCount=17
Computing iTx=0
Computing iTx=1
SYMBOL numSymbols=64  symbolCount=18
Computing iTx=0
Computing iTx=1
minAvailableStreams=0
minAvailableStreams=0
minAvailableStreams=0
minAvailableStreams=0
