0          0          
0.772088   -0.772048  
-0.462908  0.77125    
1.08035    0.771539   
-0.154111  -0.463312  
1.08192    -1.08058   
0.772803   0.154522   
0.999457   -0.00020919 
-0.154739  -1.07976   
0.462415   0.463948   
-0.153521  -0.772     
1.07744    0.770278   
0.77093    -0.463406  
0.46294    0.461856   
0.154404   0.154973   
-0.46524   -0.46557   
-0.154489  -0.771128  
-0.154054  1.08066    
-0.772822  -1.0793    
1.07835    0.464394   
-1.07977   -1.07908   
-1.0004    0.000976384 
-0.463862  0.463892   
1.08131    -0.152901  
-0.462351  1.08063    
-0.154935  -1.08037   
0.46278    0.155507   
0          0          
0          0          
-0         0          
-0         0          
0          0          
0          0          
0          0          
0          0          
0          0          
0          0          
0          0          
-0.154046  -0.771026  
0.153783   -0.154571  
0.463547   -0.771016  
-1.08042   -1.07968   
-0.770882  0.463075   
0.998922   -0.000452638 
-0.155269  -0.154138  
-0.461389  -1.07948   
0.154498   0.463806   
0.153284   1.08235    
-0.771296  -1.08047   
-1.07942   -1.07967   
-0.773509  -1.08001   
-0.771653  -0.774733  
-0.154598  0.772292   
-1.07944   0.465413   
-1.07988   0.771454   
-0.772856  0.46178    
-1.08047   1.08029    
0.99987    -0.000594705 
0.154767   -0.154297  
-0.461788  -0.770328  
1.07897    0.153929   
-0.463738  1.07982    
-1.07895   -0.770051  
0.77296    -0.463017  
-0         0          
0.77236    0.772344   
0.770797   0.154001   
-1.08168   -0.771559  
1.08099    0.770878   
-0.772077  -0.463843  
0.7714     0.155064   
1.00025    -0.000134982 
-1.08113   -0.462358  
1.07892    0.771095   
-0.771395  0.154389   
-0.463238  0.462863   
0.771123   -0.46434   
0.77006    -0.463305  
1.08058    -1.08132   
1.08239    -1.08196   
1.08066    -0.770963  
-0.464549  -1.08049   
0.463731   -0.464292  
-0.154915  0.771655   
-1.07965   -0.154239  
-1.00047   0.000951424 
0.152699   0.462897   
0.463902   -0.772227  
0.771254   -1.08173   
1.07947    -1.08128   
-0.77269   0.771279   
0          0          
0          0          
0          -0         
0          0          
0          0          
0          0          
0          0          
0          0          
0          0          
0          0          
-0         0          
1.07886    0.462162   
-0.772982  1.08057    
-0.154371  -1.08103   
0.769988   -0.156069  
-1.07889   0.153134   
1.001      -0.00104663 
1.08083    1.08004    
-0.464323  1.08008    
0.770443   -0.154154  
-0.155003  0.153658   
0.153754   0.153737   
0.462471   -1.08068   
0.773032   0.771028   
-0.156107  1.08087    
-0.154086  0.77201    
0.152903   -1.07889   
1.0796     -0.77087   
-0.155462  0.77026    
1.07922    0.772755   
0.99866    -0.000568062 
0.772972   -0.154468  
0.462196   0.152304   
0.154214   0.769974   
-0.463417  -0.154896  
-0.772056  -0.153989  
1.07963    0.772483   
0          0          
1.08054    0.462915   
-0.770355  -0.462507  
-1.08209   -0.462269  
0.771605   1.07992    
-0.773595  0.77122    
-1.08095   -1.08058   
0.999772   0.000523813 
1.08156    -0.154415  
0.462422   -0.463571  
0.154042   -0.771757  
0.153695   0.770474   
0.771468   0.462569   
-0.770256  -0.461161  
0.464131   0.464126   
-0.4656    -0.154961  
0.771688   -0.153398  
-0.772293  -1.0803    
1.08008    -0.154773  
-0.77007   -1.08121   
-0.462909  0.770145   
-0.999188  0.000171125 
0.462302   1.0809     
0.772638   0.155764   
0.155111   0.462558   
1.07925    0.152807   
0.463271   -0.461642  
0          0          
0          0          
0          -0         
0          0          
0          0          
0          0          
0          0          
0          -0         
0          -0         
0          0          
0          -0         
-1.07984   1.07895    
0.154124   -1.08118   
-0.464011  -0.771595  
1.07927    -0.46318   
0.153038   0.7721     
0.999704   -0.000279665 
0.771213   -0.772768  
-1.07932   -0.462609  
0.154366   -1.08075   
1.08229    -0.462827  
-0.771692  0.153413   
1.08005    -0.463061  
1.08075    -0.46527   
-1.08445   0.462383   
0.771675   -0.463846  
0.771643   1.07994    
0.773311   -1.07953   
0.153236   0.463668   
-0.463349  1.08027    
0.99833    -0.00259674 
-1.08232   -0.15475   
1.07874    -0.155556  
0.462341   0.461986   
0.153848   0.155178   
-0.770385  0.772394   
1.08082    -1.07952   
0          0          
1.08083    -1.07955   
-0.462313  -0.462242  
0.771778   -0.772318  
-1.08046   -0.153946  
-0.772393  -1.08093   
0.771385   -1.08146   
0.999989   0.00106942 
0.1528     -1.08059   
-0.462251  0.463111   
-0.462688  -0.772249  
-0.156487  -0.770001  
-1.08165   -0.461738  
-0.770245  0.463725   
0.463283   0.771576   
1.08183    -0.462129  
-0.772043  0.462538   
0.155054   -0.154751  
-0.154409  0.155274   
0.770979   -0.460801  
0.154103   0.771309   
-0.999558  0.00102264 
-1.08114   0.462266   
-0.774988  0.153761   
-0.462668  -0.771902  
-0.771827  -0.771334  
0.770948   0.463841   
-0         0          
0          -0         
0          -0         
0          0          
-0         0          
0          -0         
0          0          
0          0          
0          -0         
0          -0         
0          0          
0.463486   -0.463119  
1.08129    -1.08023   
1.08062    0.155043   
-0.770979  -0.154163  
-0.154072  1.07953    
0.999641   0.0016233  
0.771563   -0.462834  
-0.770334  -0.463078  
-0.463637  0.771065   
-0.156259  -0.153505  
-0.153745  -0.462518  
-0.462472  0.771746   
-1.08138   -0.462969  
-0.772334  -1.08306   
-0.46339   -1.08018   
0.154835   0.771602   
1.07938    0.772504   
0.772861   -0.460942  
-1.08129   0.154869   
0.999886   2.5034e-05 
0.155299   -0.773069  
-0.77046   0.1549     
0.770048   -1.07903   
-0.154392  -1.0791    
0.462498   0.461278   
-1.08224   0.461681   
0          0          
-0.771891  0.462764   
-0.153869  0.462377   
-1.08171   -1.07967   
0.153462   -1.08033   
1.08198    -0.462924  
0.154693   0.462147   
0.99983    0.00101047 
0.153948   0.464007   
1.079      -1.08006   
-0.154355  0.153649   
1.0791     0.154189   
-1.08083   -1.08062   
0.462192   0.771121   
1.08119    -0.155843  
-0.774863  -0.464987  
-0.462164  -1.08047   
-0.464061  -1.08001   
0.772736   -0.464175  
0.460891   0.772215   
1.07996    -0.771635  
-1.00017   0.000847206 
0.154553   -0.15466   
1.08176    -0.153566  
-0.464171  0.463648   
-1.08009   0.461879   
-1.07964   -0.462217  
0          0          
-0         0          
0          0          
0          0          
0          0          
-0         0          
0          0          
0          0          
0          0          
0          -0         
0          0          
1.07926    -0.462738  
-0.155415  0.154008   
0.771167   -1.08154   
0.77002    0.154702   
-0.463323  1.07907    
0.999416   0.000132352 
1.08176    0.771718   
0.153499   0.15378    
0.771256   0.771784   
1.082      0.155536   
0.153565   0.154669   
-0.77215   0.463304   
1.08222    1.07924    
-0.154022  -1.08285   
1.08077    0.770708   
-0.462962  0.15502    
0.153387   0.462107   
-0.155864  0.462467   
0.154855   -1.08121   
1.00068    -0.00125867 
-0.462781  -0.463464  
0.154876   1.07825    
-1.07946   0.771011   
-0.462679  -0.155245  
-0.461685  1.07758    
1.08136    -0.771491  
0          0          
-0.155423  0.771815   
-0.462073  -0.462811  
-0.771045  0.771831   
-1.08027   -0.154832  
0.463063   0.463139   
0.153989   0.771517   
1.00048    -8.79765e-05 
0.155738   1.08043    
-0.461728  -0.463505  
1.08034    -0.772169  
-0.155321  -0.771391  
-0.155075  -0.771644  
-1.08064   -0.769406  
1.08167    -1.08156   
0.462451   -0.154634  
-1.07974   0.46272    
0.154743   -0.771727  
1.07933    -0.154924  
0.771134   -0.153675  
0.772296   0.154454   
-1.00115   -3.36915e-05 
-0.15531   0.153827   
0.154215   -0.463902  
0.462446   0.15437    
-0.154549  0.462556   
0.771762   0.463313   
0          0          
0          -0         
0          0          
0          0          
0          0          
0          0          
0          0          
0          0          
0          0          
0          0          
0          0          
-0.462603  0.462526   
0.463284   -0.46312   
-1.08113   -0.155011  
-1.07902   -0.15377   
0.152907   0.771981   
0.999938   0.000711024 
0.772061   0.463308   
0.771871   -0.153587  
0.154193   -0.771261  
0.77049    1.08318    
-0.771872  1.08029    
0.153986   0.462983   
0.771687   -0.77422   
1.08118    -0.772548  
-0.7706    1.08057    
-0.155715  -0.771323  
0.463135   -0.15427   
0.77048    0.463994   
1.08092    -0.463334  
0.999633   -0.000110656 
-1.08193   0.462169   
-0.155223  0.153727   
0.153883   -0.15429   
1.07928    -0.770568  
-0.770425  1.07916    
-0.154763  -0.15654   
0          0          
-0.771572  1.07999    
1.07945    1.07966    
0.153605   -0.462831  
0.771893   -0.770934  
-0.462013  -1.08128   
0.462919   1.08029    
1.0002     0.000816591 
-0.154447  -0.772645  
0.155306   -0.463618  
-0.155237  -0.462775  
0.461102   -0.154579  
-0.462619  -0.153807  
0.462219   0.153979   
-0.772351  0.15226    
1.08028    0.773729   
1.08085    -0.771133  
1.07985    -1.08116   
-1.07989   -0.771386  
-0.464492  0.153663   
-0.772651  -1.07862   
-1.00122   0.000522152 
0.772063   0.771949   
0.770743   1.08227    
-0.153933  -0.15448   
1.07972    0.770335   
-0.462244  0.462788   
0          0          
0          -0         
0          0          
0          0          
0          0          
-0         0          
0          0          
0          0          
0          -0         
-0         0          
0          0          
0.462646   0.153625   
0.15442    -1.08161   
-0.462412  1.08175    
-0.462465  0.462136   
1.08026    -0.461993  
1.0003     0.00064072 
-1.08082   -1.07999   
0.462858   0.462536   
-0.462264  1.07966    
-0.465474  0.463502   
0.462175   0.462497   
-0.463825  0.153827   
-0.154272  0.773342   
-1.0809    -0.774333  
-0.464655  -0.770706  
0.461661   -1.07938   
0.154652   0.153201   
-0.153745  0.463527   
-0.154295  0.463618   
0.999239   -0.00161782 
-0.154173  -0.15575   
0.463273   0.461755   
0.154396   0.771935   
-1.08111   1.07842    
1.07993    0.460584   
-0.152547  -1.08197   
0          0          
-0.154423  -0.463877  
0.77159    -0.461941  
-0.153546  1.07974    
-0.155303  -0.771871  
-0.154369  1.08135    
-0.772106  0.462847   
1.00157    -0.000347987 
0.154056   -0.153719  
-0.154858  0.770862   
0.15382    -1.07971   
-0.154989  1.07845    
-0.154239  -0.462663  
-0.462081  -0.77067   
0.464278   -0.154612  
0.772804   0.464143   
0.154486   0.154657   
-0.154424  -0.154255  
0.154277   -1.07954   
0.771054   -0.153903  
0.77165    -0.154715  
-1.0006    0.000390396 
-0.771556  0.153879   
0.46138    0.773885   
1.081      -0.77108   
-0.463039  -1.08025   
1.07958    -0.460657  
0          0          
0          -0         
-0         0          
-0         0          
0          0          
0          -0         
0          0          
0          -0         
0          -0         
0          -0         
-0         0          
-0.770612  -0.462864  
0.463136   -0.154391  
-0.155459  -1.08065   
0.462672   -0.155075  
-0.463095  -0.154001  
1.00068    -7.10189e-05 
-0.154613  -1.0805    
-1.07899   -0.771577  
-0.771791  1.08102    
-1.0825    -0.464957  
-0.463065  0.462544   
0.154953   -0.771082  
-0.153607  1.08158    
-0.772033  -0.464508  
1.08097    0.770781   
-0.464057  -1.07832   
0.154293   1.08017    
-1.08048   0.153616   
-1.08248   -0.463329  
0.99976    0.000334829 
-0.464573  -0.773336  
0.464119   0.770194   
-0.154363  0.463088   
0.462137   1.08157    
-0.462199  -0.771008  
-0.770969  0.152857   
0          -0         
0.463351   -0.771909  
-0.771856  -0.463111  
0.771812   -0.154729  
-0.770822  -0.463254  
-1.08041   -1.08145   
-0.463797  -0.770835  
1.0002     -0.00045985 
-0.772239  0.772294   
-0.152699  -0.461853  
-0.154239  -0.461504  
-1.08113   -0.153527  
-0.463482  0.462802   
-0.155409  -0.769662  
0.154675   -1.07962   
0.772705   0.154083   
-0.155222  0.771683   
0.463052   -0.154336  
-1.08067   -0.462637  
-0.772234  0.461545   
-0.770408  1.08075    
-0.999998  0.00069502 
-1.08095   -0.463031  
0.463586   0.154816   
0.463343   0.154812   
-0.154545  0.770967   
-0.771738  1.07846    
-0         0          
0          0          
0          0          
0          -0         
0          0          
0          -0         
0          0          
0          0          
0          0          
0          0          
0          0          
-0.462133  0.154503   
-0.154497  -0.463543  
0.772613   0.153362   
-0.770947  -0.77052   
0.772179   -1.07852   
1.00067    0.000387222 
0.772283   0.771279   
0.772023   -0.769688  
-1.08093   -0.15335   
0.15263    1.08246    
-0.461998  -0.771678  
0.154176   -0.462995  
0.153056   -0.153594  
0.46395    -0.463469  
-1.07965   -0.153019  
-0.462854  0.155764   
0.154253   -0.153128  
0.153495   1.08144    
-0.154371  -0.463623  
1.00009    -0.00142351 
0.772557   1.08162    
-1.07961   -0.770274  
0.771212   0.153666   
0.460924   0.463582   
0.461415   -1.07805   
-0.15505   0.770463   
0          -0         
0.4638     -0.77232   
0.770791   -0.1544    
1.07875    -0.773008  
0.462288   -0.153604  
0.154687   -0.771414  
-0.771292  -1.08014   
1.00011    -0.000512071 
-0.463933  -0.771796  
0.154901   -0.462779  
-0.463944  -0.462408  
1.07758    0.770943   
-0.463825  -1.08032   
-0.769729  0.463242   
-0.462766  0.154597   
1.08265    -1.08131   
0.462351   -0.154675  
-0.771998  -0.770828  
0.772684   0.154017   
-1.08157   -0.155623  
0.461269   -1.08044   
-0.999583  0.00050272 
0.463147   0.773394   
0.46294    0.465476   
-0.772665  0.463088   
-0.462804  0.770818   
-0.154738  -1.08145   
0          0          
0          0          
-0         0          
0          -0         
0          0          
0          0          
0          0          
-0         0          
-0         0          
0          -0         
0          0          
0.462494   0.461658   
-0.46343   -0.464045  
0.463771   0.154794   
-0.46269   -0.153951  
0.155088   -1.07925   
1.00018    -8.40127e-05 
-0.463438  -0.462777  
0.155791   -0.154317  
-1.08054   1.08013    
-0.154841  -0.153833  
1.08064    -1.0798    
-0.772251  -0.153634  
1.08196    1.08021    
0.15492    -0.463     
0.770077   -1.08141   
0.462646   -0.153522  
-0.770291  -0.155433  
-1.08256   1.08013    
0.463889   -0.154269  
1.00051    -0.00152263 
1.07929    1.08251    
1.07985    0.768866   
0.770545   0.154364   
-1.08065   1.07938    
0.154735   -1.07874   
-0.464534  0.770249   
0          0          
0.772376   0.154589   
0.771102   0.462719   
-0.155249  -0.154172  
-0.462879  0.463893   
-0.15379   -0.77258   
-0.154381  0.154007   
1.00055    0.00155038 
-1.08165   -1.07936   
0.462954   1.08014    
-1.07958   0.155371   
-0.155285  -0.154864  
-1.08055   -0.153824  
-0.461619  1.07841    
1.08171    0.772575   
0.151384   1.08241    
-0.772599  1.07899    
0.154442   -0.77266   
-0.771001  0.462804   
1.08053    -0.461578  
0.770554   -0.46294   
-0.999553  0.000975698 
0.462595   0.772545   
0.152783   -0.154895  
-0.464266  1.08131    
-0.462676  0.7706     
-1.07958   -0.154923  
0          0          
-0         0          
0          0          
0          0          
0          0          
0          -0         
0          0          
0          0          
0          0          
-0         0          
0          0          
-0.154188  0.770732   
1.08011    1.0812     
0.463594   -1.08027   
-0.154644  -0.772011  
-1.07799   -1.07951   
1.00004    -0.000479579 
0.463976   0.771965   
0.153988   1.07966    
-0.771868  -0.772431  
1.08153    -0.464312  
1.0812     -0.770449  
0.154294   0.770842   
0.772987   -0.462988  
-1.08229   -0.46537   
-0.463922  -1.08059   
-0.462588  0.463679   
-0.770745  0.770616   
-0.772372  -1.08306   
0.154743   -0.46356   
1.00114    -0.00182801 
0.154181   0.465228   
1.0796     0.462078   
-0.771062  -0.462338  
-1.07999   0.461466   
0.155125   -0.154089  
0.772829   -1.0797    
0          -0         
-0.463241  -0.46324   
0.155001   0.46223    
-0.772319  -1.08074   
0.463319   0.771573   
-0.772168  -0.463344  
0.77239    1.08003    
1.00014    0.000260681 
-0.46391   -0.15426   
1.08098    -0.463355  
-1.08041   0.770991   
-0.463447  -0.15359   
0.462965   1.0787     
0.151924   0.155037   
-1.08069   -0.15559   
0.462954   -0.154996  
-0.771868  -0.154857  
1.08048    -1.08198   
0.154738   -0.463019  
-0.770516  -0.772975  
-1.0798    -0.772059  
-1.00136   -2.69711e-05 
1.08285    -1.08019   
1.08149    -0.153596  
1.08082    -0.155412  
1.07944    0.461581   
1.08192    -0.461824  
-0         0          
0          0          
0          0          
-0         0          
0          0          
0          -0         
0          0          
0          -0         
0          0          
0          0          
0          0          
-1.0792    -0.461741  
-0.155016  -0.463516  
1.08114    -0.464126  
-0.463269  0.154431   
1.07981    1.07957    
1.00016    0.000211149 
0.463032   0.770231   
1.07979    -1.07983   
-0.769931  0.771962   
0.772013   0.155078   
0.154645   -0.77096   
0.771046   1.08021    
-0.463724  0.154324   
0.461209   0.463896   
1.08012    -0.155087  
0.461369   -0.771985  
-0.154195  1.07869    
0.77222    -0.154686  
0.462167   0.771348   
0.998329   -0.00186464 
-0.77314   0.46286    
-0.771388  -0.154677  
1.08001    1.07786    
1.07822    -0.15355   
-0.152629  0.76983    
0.152291   1.08033    
-0         0          
1.08007    1.08119    
1.07914    1.07884    
-0.771121  0.154914   
1.07998    0.463204   
1.07998    0.462539   
1.08132    0.15484    
1.00151    0.000636026 
0.154389   0.462773   
0.461247   0.770796   
0.46356    0.770366   
-0.154769  0.770608   
0.770883   0.154403   
1.07771    0.153377   
0.463541   -1.08215   
1.08198    -0.152961  
-0.154138  -0.771877  
0.154627   0.154599   
-1.08122   -1.08063   
-0.772422  0.152763   
1.07813    -0.463737  
-1.00062   -0.00107567 
-0.155856  0.463535   
1.08009    0.774286   
0.464267   -0.462568  
-0.154173  0.153345   
0.156338   -0.771407  
0          0          
0          0          
0          0          
0          0          
0          -0         
-0         0          
0          0          
-0         0          
0          0          
0          -0         
0          0          
-0.77057   1.07885    
-0.463858  -0.155229  
0.154603   0.771862   
0.770138   0.153524   
-0.463112  0.77064    
1.00052    -0.000249982 
0.461758   -1.08085   
1.0795     -0.770928  
0.463912   1.081      
0.154472   -0.463316  
0.462678   -0.462547  
-0.772094  0.772162   
0.46319    -0.15458   
-0.463914  -0.154708  
-0.155789  -1.08149   
1.07984    0.461467   
-0.152568  -1.08106   
-0.771753  0.153325   
-1.08112   -0.154458  
0.99986    -0.0011788 
-0.155282  1.08177    
-0.152877  0.15404    
0.461511   -0.46298   
0.153034   -0.463381  
-1.07805   1.07926    
-1.07853   -1.08257   
0          -0         
-1.08067   0.46285    
0.46263    -0.463409  
-0.46394   0.1553     
-0.771537  0.154759   
-0.771499  -0.155305  
0.46335    1.07944    
1.00029    0.00137149 
-0.462271  -0.462882  
0.154066   -0.771755  
0.15503    0.77271    
0.153032   -0.154863  
0.154913   0.154618   
1.07773    -1.07969   
0.155582   1.08001    
-0.465634  1.08132    
0.154671   -0.15431   
-0.771783  1.08229    
-0.154989  -1.08129   
0.462374   0.771231   
0.15427    -1.07962   
-0.999643  -0.000721321 
-0.462674  -0.464682  
-0.463854  -0.465508  
-1.08102   1.08073    
0.153991   -0.155277  
0.154514   0.770594   
0          0          
-0         0          
0          0          
0          0          
-0         0          
-0         0          
-0         0          
0          0          
-0         0          
-0         0          
0          0          
0.771683   -0.462095  
-0.771233  -1.08111   
-1.07999   0.15546    
0.462337   0.770453   
0.155331   -1.07989   
1.00064    0.00070256 
0.154421   -0.462986  
0.153098   0.77206    
-1.08055   -0.46378   
-0.773783  0.153504   
0.153959   0.462885   
-1.08022   -1.08026   
0.462429   -0.463446  
1.08096    0.464837   
-0.154602  0.154328   
0.463158   0.154555   
0.15373    0.771751   
0.464142   -0.771508  
0.464553   0.463568   
0.999014   -0.000891387 
0.463223   1.08149    
1.07753    0.153492   
-1.07931   0.771627   
0.153597   -0.463183  
-0.152557  1.07837    
0.155607   -1.08014   
-0         0          
0.153193   1.08031    
-0.770449  0.461903   
-0.463315  0.462901   
-0.771401  -0.772012  
0.773323   -1.08121   
-0.773055  -0.771707  
1.00053    -0.00115447 
0.154889   0.154237   
-0.771594  -0.770983  
-0.462953  0.153616   
0.153328   0.770226   
-1.07959   0.463431   
-0.771493  -0.462338  
0.772454   1.0812     
0.153859   0.15387    
-0.462732  0.771338   
-0.154858  -1.07929   
1.08138    -0.154174  
-0.155984  0.770545   
-1.07832   0.46375    
-1.00054   0.00118808 
1.08042    1.08084    
-0.154301  -0.155348  
0.772259   0.77205    
-0.154541  1.07919    
0.463624   -0.77127   
0          0          
-0         0          
0          0          
0          0          
0          0          
0          -0         
0          0          
0          -0         
0          0          
0          0          
0          0          
-0.154452  1.07854    
-0.771586  -0.772631  
-0.154338  -0.154654  
0.771234   -0.771357  
0.462857   0.462508   
1.00036    0.000148475 
-0.153484  -0.463345  
0.461916   1.08018    
-1.08109   -0.155763  
0.464726   -0.772223  
-0.154435  1.08032    
-1.08111   -0.463017  
-1.08055   1.08101    
0.464377   -1.08075   
0.155662   1.08144    
-0.771374  -0.460993  
1.08112    -0.154329  
0.153244   0.773986   
-0.1545    0.153387   
1.00027    -0.00136393 
-0.463541  0.462785   
0.770171   -0.154829  
0.155124   1.07997    
1.07909    0.771018   
1.07889    -0.771116  
-0.156623  1.08002    
0          -0         
0.772211   0.155167   
-1.07955   -0.154415  
0.15504    0.463426   
-1.08074   0.153784   
0.153905   0.154087   
0.464249   1.08102    
0.999583   0.000418007 
-1.08053   0.463574   
0.770729   1.0805     
0.773796   0.771092   
1.07736    -1.07976   
0.462587   -0.771306  
-0.153523  0.770117   
-0.77133   0.15364    
0.770261   0.77369    
0.463457   -0.770956  
0.772599   1.07986    
-0.463572  1.08012    
0.154851   -0.771544  
0.463947   1.07937    
-0.999831  -0.00062637 
-0.463195  -0.463474  
-1.08334   0.770575   
0.462665   0.155572   
-0.462813  0.770198   
-0.153633  1.07962    
-0         0          
0          -0         
-0         0          
-0         0          
0          0          
0          0          
0          0          
0          0          
-0         0          
0          0          
-0         0          
0.463462   -0.770049  
-0.7709    -1.0821    
-0.462581  0.154142   
0.770357   -1.08077   
-1.08006   0.770694   
0.999499   0.00128984 
0.15422    0.15516    
-1.0801    0.771299   
-0.770947  0.155241   
0.461904   1.08275    
-0.463464  0.15381    
-0.770796  -0.463984  
0.154714   -1.08138   
0.153075   0.154018   
0.155651   0.771412   
0.463784   1.08008    
-0.770251  -1.07952   
1.08206    0.156354   
0.154365   -1.0808    
1.0006     -0.00193867 
-0.462032  0.463591   
-0.77142   -0.770857  
-0.154748  -1.07923   
-0.770318  -1.08039   
-0.152371  1.07968    
-0.153472  -0.773074  
0          0          
-1.08133   0.153576   
0.771084   0.154596   
0.771377   -0.462793  
0.154589   -1.08022   
-0.153694  0.153283   
-0.462655  -1.08121   
0.999076   0.0016207  
0.464302   0.772091   
0.154089   0.462127   
-1.08018   1.08079    
0.152093   -1.07874   
-0.462594  0.771635   
0.153369   -1.08012   
0.154575   -0.77164   
0.154202   -0.771412  
1.0792     1.08139    
-1.08027   0.155262   
-0.771012  1.07978    
0.153522   0.155101   
0.771385   0.771899   
-0.999106  0.000295684 
-0.462782  0.464292   
1.08152    -0.462777  
-1.07982   1.08164    
-1.07976   -0.46311   
-1.0795    -0.154498  
0          0          
-0         0          
0          0          
-0         0          
0          -0         
-0         0          
0          -0         
0          0          
0          0          
0          0          
0          0          
0.770893   -1.07968   
-0.77339   0.462923   
-0.463046  0.463545   
-0.462494  1.07886    
-0.462183  -0.154812  
1.00011    0.00100505 
0.77258    0.46239    
-0.46311   0.4621     
0.771336   0.155336   
0.463636   -0.463351  
-1.07918   -0.464146  
0.463752   0.462869   
0.772869   -0.463293  
0.771962   -0.153695  
-0.771363  -0.46249   
-0.462458  0.771931   
-0.155393  1.0805     
1.08073    0.155131   
-1.07909   -0.154545  
1.00021    -0.000514418 
-0.154225  -0.461889  
-0.463611  -0.154085  
-1.0791    0.462514   
1.0792     0.771881   
-0.462647  0.15412    
-0.462919  -1.0815    
0          -0         
-0.463361  -1.08099   
0.770759   -0.46162   
0.153366   -1.08007   
-0.463208  -0.462718  
0.772877   -1.07986   
-1.08129   -1.07999   
0.999646   0.00118107 
0.464054   1.07991    
-0.463175  0.154259   
-1.08082   -1.07951   
0.152122   -0.46165   
1.07991    -0.153908  
-1.07799   0.154406   
-1.08203   0.154978   
0.155893   -1.08103   
-0.154665  -0.463066  
-1.08134   -1.07945   
-1.0804    -0.153532  
0.154539   -1.07922   
0.770567   -0.462583  
-0.99996   0.00132334 
0.773868   -1.08047   
1.08181    -1.07981   
0.773752   -0.154194  
-1.08017   -0.462826  
-1.08137   1.08057    
0          0          
0          0          
-0         0          
0          -0         
0          -0         
-0         0          
0          0          
0          0          
0          0          
0          -0         
0          0          
-0.771701  0.462913   
0.770288   0.773429   
-0.154089  1.0802     
-0.462384  0.153866   
-0.461911  0.463116   
0.999574   0.000331551 
-0.773318  -0.771003  
-1.07904   0.461509   
0.771924   1.08012    
-1.08258   -1.08331   
0.154619   -1.07995   
-0.772067  -0.462438  
-0.155115  -0.771613  
0.772355   -0.771365  
-0.772501  -0.46303   
0.153632   -0.461575  
1.07935    -0.463029  
1.0799     0.156062   
-1.08088   0.462783   
1.00002    7.01249e-05 
0.773704   -1.08065   
0.460452   -1.07894   
0.461686   -1.07916   
-0.154287  0.771533   
0.461215   -0.462559  
-1.08308   0.771484   
0          0          
-0.154571  0.463063   
0.154477   -1.07953   
-0.771277  1.08044    
1.07978    0.462815   
1.08023    1.08099    
-1.08079   -1.08072   
0.999611   0.000556774 
0.154466   -0.463088  
0.153101   -0.462439  
-1.07971   -0.153685  
0.15399    1.0789     
1.08113    0.154324   
-0.462283  -0.461387  
0.773158   -1.08018   
-1.08219   -0.774722  
-0.463461  0.154668   
-0.772353  -0.153837  
0.154669   -0.463235  
-0.153359  -1.08055   
1.07925    -0.463594  
-0.999577  -0.000366271 
0.772353   0.773819   
0.771244   0.774276   
-0.155665  1.08147    
-1.08038   0.15367    
-1.08027   0.463234   
-0         0          
0          -0         
-0         0          
0          -0         
0          0          
0          0          
0          0          
0          0          
0          0          
0          -0         
0          -0         
-0.771705  0.462136   
-0.46415   0.46271    
-0.463636  -0.462755  
1.07915    -1.07938   
-1.07885   1.07955    
1.00011    -0.000570595 
-0.46371   -0.771627  
-0.462687  -0.153087  
-0.154419  0.155013   
-0.154611  0.463717   
-1.07956   -0.771819  
0.771389   -1.08042   
0.463144   -0.46458   
-0.772736  -1.08238   
0.462874   0.461975   
0.771083   1.08001    
0.463213   1.07956    
0.465942   -1.08121   
0.463727   -1.08146   
0.999779   -0.000849396 
0.464397   0.156067   
-0.770241  -0.152746  
-1.07957   -0.153975  
-0.462236  -0.771101  
-1.07884   -0.153426  
1.08114    -0.152487  
0          0          
0.154231   -0.46333   
0.154399   0.771217   
0.770651   -0.463374  
1.08055    0.154572   
1.08154    -0.771584  
0.15583    0.770843   
1.0007     0.000770576 
-0.462501  0.463111   
0.462359   1.07948    
-1.08079   -1.07949   
-0.77349   -1.07896   
0.154122   1.08128    
-0.463322  0.462512   
0.464877   0.771385   
1.08209    -0.15303   
1.07955    -0.153376  
0.771168   -0.773017  
-1.07922   -1.07907   
-0.769675  -1.08108   
-0.463988  0.154475   
-1.00137   0.00113824 
-1.08048   0.153919   
-0.464533  -0.15458   
1.08127    -0.462895  
-1.07996   -1.07995   
-0.462241  0.463287   
0          0          
0          0          
-0         0          
-0         0          
-0         0          
0          0          
0          -0         
-0         0          
-0         0          
0          0          
0          0          
0.155282   0.154166   
0.463448   -0.463086  
-0.771703  0.154115   
-0.771763  0.770406   
1.08121    -0.152951  
1.00037    0.000609994 
0.770991   -0.772278  
1.08091    -1.07997   
-0.153652  0.77172    
0.152263   0.464055   
-0.462379  -1.08099   
-0.155188  -0.154196  
-0.772241  1.0828     
1.07906    1.0831     
-0.46422   -1.07998   
-0.464284  -0.769925  
-1.07976   1.07912    
-0.155717  -0.155006  
-0.155288  0.154469   
1.00057    0.000547886 
0.155032   0.153716   
1.07707    -0.772     
-0.463464  -1.07933   
-0.155844  1.07986    
-1.07649   1.07873    
-1.08194   0.152585   
-0         0          
-1.08079   0.461894   
1.0795     -0.15473   
0.460896   -0.771921  
0.153873   0.771392   
1.08162    0.463773   
0.153635   1.0805     
0.999812   0.00111388 
0.15538    0.771883   
-0.77073   -1.07959   
0.462533   -0.15552   
0.769649   0.154001   
1.07998    -0.464155  
-0.15436   -0.769472  
1.08077    -1.08142   
-1.08279   0.152963   
-0.462702  0.771299   
1.0796     -0.464207  
0.462119   -0.462614  
-1.08098   -0.15522   
0.462687   -0.464213  
-1.00155   0.000215992 
-1.08121   -0.155885  
1.08212    -0.152692  
1.08167    0.154446   
-0.772249  0.154408   
1.08036    -0.154706  
0          0          
0          0          
-0         0          
0          -0         
0          -0         
0          0          
0          0          
0          -0         
0          -0         
0          -0         
0          0          
1.07936    -1.07954   
0.153814   -0.462893  
-0.46325   -0.154852  
-0.770634  -1.07841   
0.153983   0.77097    
0.999985   0.000211746 
0.153695   -0.463609  
0.464217   -1.07812   
0.461582   0.155041   
-0.77333   0.153894   
-0.154476  1.08033    
1.07972    -1.08076   
-1.0816    -0.154693  
-0.771524  -1.08216   
1.08038    0.152749   
0.15217    -0.461541  
0.769478   0.772621   
-0.77218   -0.155378  
-0.463745  0.462553   
0.999513   5.98729e-05 
0.15367    1.08066    
1.07942    0.461811   
0.770866   1.07869    
-1.08103   1.07978    
-0.1559    -1.08      
0.463351   -0.153551  
0          0          
-0.771761  -1.08041   
-0.463254  0.770968   
-0.153991  -0.772367  
0.463022   0.462384   
0.46413    -0.462582  
-0.153766  -0.771895  
1.00157    0.000381604 
-0.771708  0.463603   
-0.772087  1.07967    
-0.771644  0.154156   
-0.464165  -0.769948  
0.462116   0.153562   
-0.152768  1.07964    
-0.463392  0.154461   
1.08193    -0.771098  
-1.0805    -0.464002  
0.770661   -1.08194   
-0.153818  -0.462278  
1.07998    0.155916   
1.07978    0.462005   
-1.00082   0.000792384 
-0.153832  -0.771112  
0.462196   -0.462212  
-0.770476  -0.463354  
-0.15438   0.462197   
0.770637   -0.462636  
-0         0          
0          0          
-0         0          
0          -0         
0          -0         
0          -0         
0          0          
0          -0         
0          -0         
0          0          
0          -0         
0.154721   -1.07887   
0.772147   -1.0803    
0.155594   0.772056   
0.771651   -0.772178  
0.154997   -0.463371  
0.999701   0.00188529 
0.77138    0.462258   
-1.07931   -1.0801    
-0.771535  0.463636   
0.772039   -0.771409  
0.771866   -1.07899   
0.154004   -0.771883  
-1.08119   1.0827     
1.07946    1.0824     
-0.462659  0.153637   
0.153698   0.155299   
-1.07955   -0.463036  
-1.08324   0.15295    
-0.771423  1.08185    
0.999993   -0.00136563 
1.08096    -0.154586  
-1.07844   0.769803   
1.07899    -0.463822  
-0.462367  -0.462237  
0.771648   0.462393   
-1.08173   0.769835   
0          0          
1.08065    0.771548   
1.07941    -0.153316  
0.462254   0.771212   
-1.08036   -1.08031   
0.464287   -0.772127  
-0.153905  0.772434   
1.00029    -0.00114892 
0.771493   0.461715   
-0.462941  -0.771673  
-0.154574  -0.771583  
-1.08086   -0.154594  
1.07949    -1.0814    
0.154652   0.154075   
0.463271   1.08222    
-0.154722  0.15298    
-0.771523  -1.08084   
-0.464406  -1.08043   
0.154352   1.08121    
-0.154618  0.770482   
0.463098   0.771409   
-1.00017   0.00126249 
-0.463501  -1.08197   
-0.463992  0.462759   
0.153658   0.154267   
-0.154459  0.46226    
0.770242   0.154257   
0          0          
0          0          
0          0          
0          -0         
0          0          
0          -0         
0          0          
0          -0         
0          0          
0          0          
0          0          
-0.770784  0.771843   
0.463932   -0.46353   
0.771759   1.07985    
0.154557   -0.154422  
-0.770634  -0.462695  
1.00083    0.000244886 
0.153746   0.154467   
0.462214   0.771591   
0.4631     -1.08079   
-0.155256  0.154008   
0.462815   -1.07939   
0.462257   -1.08067   
-0.462442  -0.153804  
1.0825     -0.462342  
-0.462819  -0.771645  
-0.772253  -0.460618  
-1.07942   -1.08017   
-0.465025  0.77261    
0.772503   -1.08154   
1.00063    -0.00095883 
0.462637   -0.154437  
0.768996   -0.771378  
0.770645   1.07899    
-0.772356  1.07859    
-0.462523  -0.461078  
1.07916    1.08155    
-0         0          
-0.771432  0.154444   
-1.07877   -0.462355  
-0.462686  1.08126    
1.07969    1.07999    
-0.153857  0.772155   
0.155742   -0.154529  
1.00121    0.000461817 
-1.08063   0.772471   
0.77198    -0.463473  
-0.153315  -0.462613  
-0.771964  -0.154268  
-0.153651  -0.771619  
0.152674   -0.461859  
-1.08043   -0.46282   
-0.771865  -0.773274  
1.08085    -0.153771  
0.15532    0.772789   
0.771788   0.154774   
0.465132   -0.461951  
1.0797     0.153088   
-1.00074   -0.000210792 
-0.771487  0.15521    
-1.08336   1.0818     
0.771459   -0.463706  
0.462903   1.07877    
0.462324   0.772861   
0          0          
-0         0          
0          -0         
-0         0          
-0         0          
-0         0          
-0         0          
0          0          
-0         0          
0          -0         
0          0          
1.07961    -0.462235  
0.155508   -1.08122   
0.154864   -0.464418  
-0.154729  0.462308   
-0.771127  0.46283    
1.00069    0.000617057 
-0.771495  -0.462546  
1.07921    0.77271    
0.463591   -0.153626  
-0.464691  0.773555   
0.153608   1.07953    
-1.08004   0.154245   
-0.771944  -0.154359  
-0.156113  0.772163   
0.77213    0.770528   
-1.08018   -0.153152  
-0.772346  0.771798   
-0.463205  0.154933   
1.08013    0.154578   
1.0006     -0.00167251 
-0.771465  -0.464126  
0.770056   -0.771164  
-0.46217   0.154639   
-0.771373  -1.08018   
-1.07836   0.463366   
-0.153025  -0.771963  
0          -0         
1.08001    0.155391   
1.07933    0.154599   
-0.461933  1.08141    
0.154717   0.154283   
-0.154106  -1.08054   
0.772281   1.08135    
1.0015     0.000817329 
-1.08074   -0.153361  
-1.08112   -0.770697  
0.461977   0.461979   
0.460907   -0.463216  
-1.07953   0.153769   
0.770094   0.770439   
-1.08197   -0.771959  
0.153626   0.464431   
0.770781   0.772443   
-1.08045   0.772402   
0.77182    0.462893   
1.07991    -0.152518  
-1.07917   -0.46229   
-1.00019   -0.000276819 
-0.463732  -0.154554  
-1.08408   0.462863   
1.08103    0.771331   
-0.463687  -0.771699  
-0.154278  -1.08007   
0          0          
-0         0          
0          0          
-0         0          
-0         0          
-0         0          
0          0          
-0         0          
0          -0         
0          0          
0          0          
-1.07924   -0.153911  
-0.153978  -0.154671  
0.463962   -1.0814    
1.07928    -0.770953  
-0.155349  0.770744   
0.999661   0.000671208 
-0.770556  0.771565   
1.07765    0.463479   
0.773059   -0.462363  
-0.774143  0.463351   
-0.770781  -0.46378   
-0.154704  -0.770938  
0.155276   0.462639   
-0.77237   -0.464901  
0.463495   0.772208   
0.46155    -1.07962   
-1.0794    -0.771473  
-1.08021   -0.463691  
0.153705   1.07986    
0.998873   0.000883043 
0.154065   -0.153738  
0.154626   -0.770239  
0.464041   1.07935    
0.77021    -1.08043   
0.153427   -0.461809  
-1.07858   -0.773007  
-0         0          
1.0805     1.08025    
-0.15425   0.77037    
1.07981    -0.462646  
0.153662   -0.771374  
1.08119    0.154013   
0.463362   0.15476    
0.999425   0.00133401 
-0.462804  -0.4627    
0.154896   -0.155421  
1.07959    0.462696   
-0.155932  0.154812   
-0.463566  0.771498   
-0.154774  -0.462408  
0.152629   -0.464319  
-0.463373  -0.46425   
0.462544   -0.15355   
0.773598   1.07994    
0.153868   0.153635   
0.155621   -0.462992  
0.462411   0.462068   
-1.00114   1.99378e-05 
0.770657   0.7731     
0.15285    1.08231    
-0.153068  0.154531   
0.77156    1.07901    
-0.46143   -0.772661  
0          -0         
0          0          
0          0          
0          0          
0          -0         
0          0          
0          -0         
-0         0          
-0         0          
0          -0         
0          0          
1.07871    -1.08029   
-0.463349  -0.155306  
-0.462432  0.155423   
-1.07899   1.07921    
1.07865    -0.770378  
1.00055    6.02007e-05 
0.462948   0.462252   
1.08074    -0.153774  
1.07985    1.08088    
-1.08282   0.462535   
-0.771155  -0.772273  
0.463869   0.771023   
0.462973   -0.154784  
0.154042   0.463372   
1.08008    -1.08138   
-1.08051   0.464274   
-1.07992   -0.77244   
0.156141   -0.154444  
-1.08078   1.08112    
1.00095    -0.00220066 
-1.08215   0.772083   
-0.463053  -1.0784    
0.462297   -0.771815  
-1.08128   1.07902    
0.769796   -0.771934  
0.465215   -1.07935   
0          -0         
1.08083    0.463626   
1.07954    1.08       
-0.772484  0.155232   
0.46235    0.771268   
-0.771745  -1.08166   
0.15381    0.154331   
1.00004    0.000865102 
-0.463608  0.154661   
0.154366   -1.07978   
-0.773425  -0.772109  
0.152935   0.462508   
0.462479   -0.463542  
1.078      -0.770482  
-0.155947  0.153726   
0.772114   -0.153508  
-0.462153  -0.46364   
-0.773139  -0.461391  
0.772317   0.153915   
-1.07956   -0.773656  
1.07969    -0.155675  
-0.999596  0.00111462 
0.772159   0.154327   
-0.773355  -0.464109  
0.15526    -0.463612  
-0.463242  -0.154721  
-0.155144  0.462726   
0          -0         
0          0          
0          -0         
0          0          
0          -0         
-0         0          
0          -0         
0          0          
0          -0         
0          -0         
0          0          
0.462053   -0.154985  
0.463204   0.154904   
0.77252    0.153949   
-0.154633  0.462822   
1.08004    0.154901   
0.999431   -0.000179827 
0.153958   0.154298   
0.153104   0.772306   
0.771283   0.770908   
-0.77448   -0.46486   
0.770838   0.772202   
-1.08089   -0.771465  
0.154314   0.153832   
1.0805     0.156856   
0.771923   0.461485   
-0.462508  0.155709   
0.153451   0.153438   
-0.155063  -0.463049  
-0.463545  0.772196   
1.00024    -0.000337303 
0.154325   -0.464528  
-0.15541   -0.770309  
0.462242   -0.463248  
-0.46399   -0.463516  
1.07769    -1.08071   
0.772692   -0.461276  
0          -0         
-0.154705  0.15397    
-1.07926   -0.15394   
0.771199   -0.154361  
1.08016    -0.463279  
0.462641   0.771549   
0.77251    0.770936   
1.0002     0.000890203 
0.155562   -0.463698  
0.771847   0.461497   
-0.462353  -0.153898  
0.769037   0.462419   
-0.155209  -0.770893  
0.153605   0.461902   
-0.463225  -0.156153  
0.772977   -1.08222   
1.07974    -0.153934  
1.08015    -0.464098  
1.08197    0.462924   
-0.4638    -0.155326  
1.07901    1.07997    
-1.00065   -0.000936165 
0.154792   0.155113   
1.07906    1.0838     
-0.153337  1.08066    
1.0798     0.461645   
-0.464684  0.154479   
0          0          
0          -0         
0          0          
0          0          
0          0          
0          -0         
0          0          
0          0          
0          0          
0          0          
0          0          
1.07976    -0.154301  
1.07961    1.08054    
-1.08004   0.773164   
-0.771426  0.1533     
-0.770231  -0.463472  
0.998913   -0.00128448 
1.08029    -0.77164   
0.155398   -0.463156  
-0.462451  0.771434   
-0.157249  1.08163    
0.46322    -0.77188   
-0.46358   -0.463702  
-0.461952  1.08128    
0.154685   -0.154741  
-1.08064   -0.462726  
1.08046    0.770622   
-1.08064   1.07839    
-1.08051   -0.775581  
-0.462395  1.08048    
0.998695   -0.00235832 
0.773911   -1.08121   
-0.154031  -1.0786    
-0.463664  -0.462254  
0.462368   0.154247   
0.772449   1.07718    
0.15572    -0.463185  
0          -0         
1.08074    -0.772212  
-0.771754  0.462524   
-0.77216   -0.770974  
0.15403    -0.154729  
0.46281    1.08198    
0.153954   0.772254   
1.00184    0.000982277 
-1.08146   -1.08001   
0.770588   -1.08114   
0.772909   1.07844    
-0.77122   -0.46219   
-1.07996   1.07976    
0.154483   0.153822   
-0.153876  -0.155038  
-1.08107   0.153443   
0.771702   0.463822   
0.155188   0.462795   
-1.08093   0.462793   
-0.770822  -0.154562  
0.463723   1.07895    
-1.00032   1.57356e-05 
0.154214   0.771445   
0.464823   -0.153312  
1.07975    1.08047    
0.153883   -0.463842  
1.08048    0.154448   
0          0          
0          0          
-0         0          
-0         0          
-0         0          
0          0          
-0         0          
0          0          
0          0          
0          0          
0          0          
-0.154052  -0.462909  
0.46252    0.772591   
0.463749   -1.08091   
0.770759   1.07943    
-0.155224  1.07813    
1.00107    -0.000253528 
0.772829   0.152611   
-1.08049   0.76981    
-0.771667  0.463284   
-0.155043  0.77269    
-0.771631  0.770613   
0.155541   0.462478   
0.15446    -0.154248  
-0.771784  -1.08302   
1.0816     0.15344    
-0.462842  0.155002   
1.08065    0.15525    
-0.464884  1.08068    
0.771281   0.153175   
0.999673   -0.00134587 
0.463939   -0.46417   
1.0795     0.153347   
0.463488   1.07861    
0.154367   0.463289   
-0.154389  -0.770784  
-1.07994   -0.156596  
0          0          
-0.772507  0.771444   
-0.770795  -0.462201  
-0.772381  -1.07963   
0.772009   1.08054    
-0.77199   0.463073   
-0.463834  -0.154209  
1.00075    0.00035499 
0.772779   1.08053    
-1.0797    -0.773104  
0.462478   0.154346   
-0.772105  -1.07841   
-0.773126  -0.771856  
-1.07748   0.464286   
0.153879   0.153659   
1.08107    1.08246    
0.153196   0.770951   
-1.08013   -0.770987  
0.462798   0.771897   
-0.15267   -0.772115  
-0.155491  -1.08008   
-0.999438  6.3777e-06 
-0.46442   1.08028    
-0.773657  0.462687   
1.0798     -1.08117   
0.154384   0.770599   
-1.08041   0.154214   
0          -0         
0          0          
-0         0          
0          0          
0          0          
-0         0          
0          0          
0          0          
0          0          
-0         0          
0          -0         
0.462695   -1.08003   
0.463379   0.771966   
-0.773641  -1.08186   
1.08089    0.771089   
0.461899   0.463133   
1.00092    0.00045526 
0.77219    0.771538   
-1.07893   -1.08122   
0.153669   0.463517   
-1.08431   0.770565   
1.0812     -1.07958   
0.154553   0.155419   
-0.772976  -1.08093   
0.772209   0.15477    
-0.464355  -0.463202  
0.462567   -0.154094  
0.463496   -1.0787    
-0.155483  1.08114    
1.07947    -0.463081  
0.999524   -0.00126198 
-0.461427  -1.08085   
-0.155222  -0.771306  
1.07889    -0.463227  
0.771515   -0.152868  
1.07851    0.153616   
0.772304   0.772483   
0          0          
-0.154522  -0.154096  
0.770883   0.462737   
1.07888    -0.154528  
0.154669   0.771842   
0.463328   -0.154469  
-0.154356  0.772272   
0.998772   0.000966497 
-0.462571  0.153809   
1.08056    -0.153921  
-0.153538  0.462226   
-0.156558  -1.07951   
1.081      -0.463549  
-1.08097   -1.07785   
0.463112   -0.15487   
-0.466401  0.463909   
-0.463823  0.462715   
1.08212    1.07975    
-1.08132   -1.08063   
1.08113    -0.1523    
0.770834   -0.462971  
-1.00088   0.000482351 
-0.155516  0.771656   
-0.154786  -0.464596  
-0.771831  0.461977   
-1.08008   -0.154841  
1.08064    -0.76984   
0          0          
-0         0          
0          -0         
0          0          
0          0          
-0         0          
0          0          
-0         0          
0          -0         
-0         0          
0          0          
-0.154355  1.07865    
-0.463152  -0.7724    
-0.152915  1.08076    
-0.771663  0.462725   
-1.08007   0.461631   
1.00032    0.0011768  
-0.154397  -0.153956  
-0.153954  0.154755   
0.771837   0.462822   
0.773072   -0.46382   
-0.153459  -1.07989   
0.155641   0.461896   
0.771989   -0.463356  
-0.466048  1.08046    
-0.772051  -0.154499  
-1.0803    0.464025   
-0.462331  -0.463789  
0.462578   0.154941   
1.08208    1.08121    
1.00081    -0.000422686 
0.153312   -0.463045  
0.769431   -0.155557  
-1.07921   1.07969    
0.154476   -1.0791    
-0.154352  -0.462628  
1.08049    -1.07941   
0          -0         
-0.154826  -0.464057  
1.07973    0.154484   
-1.08045   1.08052    
-0.154263  -0.154687  
1.08081    0.773284   
0.771498   -0.772361  
1.00043    0.000913121 
-1.0799    1.08206    
0.462669   -0.771925  
0.153902   0.462366   
-0.770799  0.770443   
-1.0815    -0.153521  
-0.1537    1.07865    
-0.153558  -0.154668  
-0.772139  -0.774718  
0.462005   0.46364    
0.771436   0.153507   
-0.772016  0.463739   
-1.08068   1.07809    
-0.154053  0.154612   
-1.00068   -0.000894666 
-1.08121   0.77136    
0.774167   -1.08121   
-0.772248  -0.463554  
-1.08009   0.153813   
1.08111    0.46297    
-0         0          
0          0          
0          0          
0          0          
0          -0         
0          -0         
0          0          
0          0          
0          0          
0          0          
0          0          
-0.769868  0.153917   
0.154202   -0.153671  
-0.462925  -0.772538  
0.153961   0.154663   
1.07963    0.462799   
1.00085    -0.000145525 
1.08061    -0.154602  
-0.461872  -0.464275  
-1.07968   -0.15457   
-0.774437  0.772201   
-0.77063   -1.08083   
-0.46301   -1.08047   
-1.08112   -0.153235  
1.08109    0.465315   
-0.462785  0.463456   
0.77091    -0.462442  
1.08077    0.464091   
0.463891   -0.773313  
0.772417   0.464506   
0.999876   -0.00056535 
-0.463521  0.153165   
-0.462771  1.07897    
0.77035    -0.771072  
0.771056   1.08029    
0.154722   0.770747   
1.08234    -0.771062  
0          -0         
-0.154985  0.154428   
-1.08008   0.462395   
-0.771976  -0.770592  
-1.08059   -1.08003   
-0.463699  0.153708   
-1.08035   -0.772685  
1.00128    0.000461228 
-0.154888  -1.08046   
-0.461853  -0.155614  
-0.152648  1.07926    
-0.771686  0.154642   
-0.464379  -0.770421  
-1.07908   0.155702   
0.773017   -0.154347  
-0.155422  0.462721   
-1.08121   1.07957    
0.463016   -0.772423  
-1.08075   0.462535   
0.153259   1.07996    
-0.77149   -0.153478  
-0.999658  0.00014931 
-0.152524  -1.08047   
1.08223    -0.462818  
0.462081   0.462255   
0.154139   -0.154638  
0.463237   0.462853   
0          0          
0          0          
0          -0         
-0         0          
0          0          
0          0          
0          -0         
0          0          
0          0          
0          -0         
0          0          
0.462828   -0.462255  
0.462564   0.154835   
0.154179   -1.08069   
-0.461954  0.770922   
-0.462832  0.769987   
1.00022    -0.000253797 
0.153524   -1.07987   
-0.152772  -1.08007   
-0.154884  0.772013   
0.463103   0.154451   
-0.153242  -0.770946  
0.153892   -0.463285  
0.462871   -0.772188  
0.154548   -0.154954  
-0.155002  -0.46236   
0.772123   1.07982    
0.153147   1.07957    
-0.465125  0.771365   
1.08017    0.462632   
0.998988   -0.000974178 
0.464056   -0.1543    
-0.154423  -0.770726  
1.07822    -0.770342  
1.0796     -0.461512  
-0.153335  0.461652   
-0.154131  0.153806   
0          0          
-0.771883  0.15409    
-0.153391  -0.771663  
0.770125   -1.0806    
-1.08034   -0.771349  
-0.461772  -1.08148   
0.770674   0.153472   
1.00018    -5.1409e-05 
0.461582   -1.08046   
-1.08001   0.154467   
-0.463419  -0.153156  
-0.464424  0.462486   
-0.770917  1.08015    
-0.153353  0.770372   
0.771248   -0.465034  
1.07974    1.08165    
0.772597   -0.770941  
0.154684   -0.773303  
0.771976   -0.77279   
1.07886    1.08104    
-0.153417  1.07985    
-0.999435  0.000684977 
0.153169   0.771577   
0.461253   0.772036   
-0.464887  -0.772333  
-0.771884  -0.771596  
-0.153832  -0.462628  
0          0          
0          0          
0          0          
0          0          
0          0          
0          0          
0          0          
-0         0          
0          0          
0          0          
0          0          
0.462396   -0.46326   
0.154063   0.462497   
0.770726   -1.08064   
0.463073   -0.771258  
0.462927   -0.770822  
1.00063    -0.000838935 
-0.771434  -0.463921  
0.462271   0.462584   
0.15365    0.154031   
0.463811   -0.464964  
-0.155365  1.07955    
1.0803     1.07965    
1.08085    0.152989   
-1.08193   0.461456   
0.463666   -0.771623  
0.462454   0.15399    
0.77089    0.154283   
-0.77212   0.152853   
0.771291   -0.771593  
0.99928    -0.000136226 
-0.773511  0.154459   
1.07899    -0.771779  
1.08047    1.07936    
-0.154707  0.461867   
1.07869    1.07702    
0.770604   0.772911   
-0         0          
-0.770909  -1.08122   
1.08006    -1.0787    
-0.463983  0.155256   
-0.154443  0.153751   
-1.08109   1.08149    
1.08073    1.08131    
1.00036    0.000849172 
-0.15385   0.153551   
1.08137    -1.0811    
-1.08172   0.464742   
-1.08047   -0.462312  
1.08103    1.0809     
-0.771204  -0.153001  
-0.155565  1.08095    
-0.774069  -0.15547   
1.07957    0.772423   
0.771779   0.15448    
0.155468   0.772234   
0.464149   -0.152897  
0.154857   0.154254   
-1.00004   -9.44436e-05 
-0.154455  -1.08197   
-1.08385   1.08086    
0.154541   -0.463334  
0.15393    0.153408   
-1.08058   -0.771538  
0          0          
0          0          
-0         0          
-0         0          
0          0          
0          0          
0          -0         
-0         0          
-0         0          
0          0          
0          0          
-1.07923   -0.461948  
-1.08008   -0.773362  
-0.771408  1.08096    
-0.463281  1.07949    
0.463714   -1.07956   
1.00122    0.000502586 
-0.772973  -1.08052   
0.155012   0.771818   
0.463279   1.08046    
1.08215    0.77479    
-0.462326  -0.15521   
-1.08058   -1.08109   
-0.7717    0.155658   
-1.08239   -0.465179  
-0.153588  1.08044    
-0.153821  0.155383   
-0.154222  -0.462816  
-0.462071  -0.771974  
0.463206   0.154934   
0.999746   -0.00135317 
0.154916   -1.07963   
1.07821    -0.770345  
0.154003   -1.07925   
-0.771213  -0.153886  
-0.463287  -1.07901   
1.08004    -0.15229   
-0         0          
1.0807     -0.771215  
0.770378   -0.462101  
1.07994    -0.772662  
1.07992    -1.08062   
0.771362   0.154995   
-0.772684  -1.08091   
0.999409   0.000776447 
0.155391   0.462311   
0.461587   0.770238   
0.771114   -0.154491  
-0.772484  0.771467   
-0.770806  -0.46216   
-0.463793  -0.770868  
-0.772163  1.08142    
0.153555   0.463012   
1.08066    0.155216   
-0.462312  0.154335   
-0.77269   -0.153259  
0.772109   -0.771202  
1.07974    0.155023   
-1.00097   -0.000220433 
0.772272   0.772401   
0.460572   1.08195    
0.463912   0.153432   
0.771601   0.152866   
-0.463855  -0.463241  
-0         0          
-0         0          
0          -0         
0          0          
0          0          
0          0          
-0         0          
-0         0          
0          0          
0          -0         
0          0          
0.770416   -0.462831  
0.771288   0.462959   
-0.462569  0.771725   
0.770898   1.07767    
-0.462993  -0.154472  
1.00024    -0.000364214 
-0.771226  -0.771087  
0.461567   0.771378   
-1.08107   -0.772699  
-0.463853  -0.774554  
-0.463415  1.0792     
1.08039    0.15382    
-1.08179   -0.770806  
-1.0809    -1.08329   
-0.462502  1.08088    
0.152483   -0.462774  
0.771322   0.155274   
0.156909   -1.08094   
0.463354   1.08058    
0.999826   -0.00161919 
1.08223    -0.771161  
-1.07839   -0.460777  
-1.07905   0.155348   
-0.154724  -0.771262  
1.0788     -0.154068  
0.771444   0.465181   
0          0          
0.154884   0.772278   
-0.153964  -1.07975   
-0.463361  -0.154615  
0.462681   -0.154757  
-0.772036  -0.46368   
-0.463253  0.462875   
1.00071    0.000401162 
-0.770979  0.772404   
1.08036    -1.07913   
-0.154649  0.771832   
0.77013    -0.462509  
-0.463289  -0.462982  
0.153472   0.462884   
0.155535   1.08109    
-0.154903  -0.154574  
-1.0812    0.770575   
0.463302   0.462948   
0.154005   -0.154333  
-0.463596  0.154121   
0.771442   -0.46294   
-0.999538  -0.000144958 
-0.46375   1.07982    
-1.08301   0.771996   
-0.771867  0.153752   
-0.771847  0.461978   
1.0805     -0.771592  
0          0          
-0         0          
-0         0          
0          0          
0          0          
0          0          
0          0          
0          -0         
-0         0          
0          -0         
-0         0          
0.46282    -0.15469   
-0.770917  -1.08169   
-0.462265  0.154042   
0.461604   -0.462126  
1.07967    -0.154472  
1.0004     0.00162622 
0.772265   0.154216   
0.461926   1.0808     
-1.08095   -0.463617  
-0.463435  -0.154028  
0.463949   -1.0792    
-0.463073  -0.155012  
-0.155503  -0.463345  
-0.153716  -0.772374  
0.154827   1.07995    
0.463224   0.463007   
0.154716   0.463726   
-0.771278  -0.1539    
0.772967   0.772788   
1.00003    -0.00103441 
0.46253    0.155059   
-0.152972  1.07851    
-0.462762  0.154147   
-0.771397  -0.772452  
-0.153809  -0.770334  
0.154471   0.463403   
0          -0         
1.08009    1.08146    
-0.154352  -1.07881   
-0.771241  1.0804     
0.771909   1.08093    
0.154462   -1.08194   
-0.771448  -1.08125   
1.00105    -0.000903323 
0.772253   -0.156282  
1.07908    0.772063   
-0.15497   -0.154294  
-0.15514   0.461261   
-0.771658  0.461953   
1.07704    -0.463813  
0.155187   0.464444   
0.771771   0.771655   
0.154131   0.462915   
-0.462979  0.154673   
0.771624   0.771281   
0.462549   0.154351   
1.07867    -0.772224  
-1.00024   -6.82026e-05 
0.155818   -1.07991   
1.08115    -0.154003  
1.08012    1.08039    
-0.462467  0.461749   
-0.155485  -0.462868  
0          0          
0          0          
0          0          
0          -0         
0          0          
0          0          
0          0          
0          0          
0          0          
-0         0          
0          0          
0.462504   -0.153692  
-0.463449  0.153986   
-0.154212  1.08047    
0.461925   -0.155191  
-0.154929  0.462663   
1.00071    -0.000979066 
-0.153547  1.07965    
0.152498   0.462834   
-1.08103   -0.463341  
-0.464667  0.771434   
0.1545     0.154287   
0.463452   0.46297    
1.08075    -0.773716  
-0.773024  0.152941   
-0.155374  -1.08139   
0.153427   -0.462834  
-0.772348  1.07937    
-0.153186  -0.155978  
1.08104    -0.464825  
1.0004     -0.000979245 
0.772104   -0.770931  
0.770472   -1.07983   
0.771767   0.461634   
1.07878    -0.463176  
-0.153407  -0.153793  
0.15356    1.08019    
0          0          
1.70475e-07 3.31664e-07 
-2.24442e-07 3.42631e-07 
-4.32059e-07 -4.96469e-08 
2.90731e-07 2.70981e-06 
-1.37034e-06 -1.91599e-07 
-8.44266e-07 -1.26748e-06 
2.28221e-06 -2.71238e-07 
-1.17506e-06 -1.43865e-06 
2.18257e-06 3.05846e-07 
-1.32063e-06 2.21513e-06 
1.00055e-06 5.30923e-07 
-1.35204e-06 -8.13962e-07 
-8.0344e-07 -1.18442e-06 
2.30713e-06 3.25053e-06 
1.34464e-06 -1.52094e-06 
1.13857e-06 8.87364e-07 
-4.76714e-07 -4.31993e-07 
-6.28735e-07 8.5123e-07 
-2.86686e-06 3.35827e-06 
-2.31518e-06 4.60987e-07 
-3.00087e-06 -1.32625e-06 
2.3119e-06 2.83991e-06 
-1.70098e-06 -3.50165e-06 
7.99267e-07 -1.88062e-06 
-8.77256e-07 2.49996e-06 
-2.49843e-06 2.1231e-06 
0          0          
0          0          
0          0          
0          -0         
0          0          
0          0          
0          -0         
-0         0          
0          0          
0          0          
-0         0          
9.30961e-07 1.18248e-05 
-1.01663e-06 8.62514e-06 
9.78788e-06 2.54631e-06 
-6.4293e-06 5.82412e-07 
-8.38696e-06 1.3097e-05 
-4.78593e-06 -4.12146e-06 
-2.75762e-06 -7.12543e-06 
8.81237e-06 6.89597e-06 
1.31653e-05 7.93507e-06 
-8.8155e-07 7.5063e-06 
3.49994e-06 2.53602e-06 
-8.58572e-07 3.41523e-07 
-1.9581e-06 -3.86142e-06 
9.20566e-08 -9.20341e-08 
1.68045e-07 2.67243e-06 
-2.20366e-06 9.49318e-07 
2.53148e-06 -1.79795e-07 
6.20999e-07 2.13279e-06 
9.57486e-08 -9.27019e-07 
-5.18121e-08 1.30633e-06 
2.70236e-07 -1.01338e-06 
-8.22721e-07 -6.7125e-07 
-1.48894e-06 -2.03379e-07 
-3.48649e-07 -1.0776e-06 
-9.06674e-07 8.82191e-08 
-1.5171e-06 -2.64799e-07 
0          0          
2.16237e-08 -2.0561e-07 
-2.09772e-08 -2.63202e-07 
-7.00332e-08 -3.25729e-07 
-1.25708e-07 -3.87359e-07 
-1.8481e-07 -4.42662e-07 
-2.40535e-07 -4.89172e-07 
-2.86683e-07 -5.31725e-07 
-3.24274e-07 -5.76147e-07 
-3.55388e-07 -6.27314e-07 
-3.90942e-07 -6.8619e-07 
-4.38183e-07 -7.46247e-07 
-5.05895e-07 -7.94736e-07 
-5.85576e-07 -8.05376e-07 
-6.51176e-07 -7.68732e-07 
-6.67341e-07 -6.96407e-07 
-6.28824e-07 -6.21245e-07 
-5.54387e-07 -5.66218e-07 
-4.60082e-07 -5.33605e-07 
-3.56511e-07 -5.16061e-07 
-2.48784e-07 -5.05587e-07 
-1.33264e-07 -5.00587e-07 
-7.98681e-09 -4.99441e-07 
1.26803e-07 -5.05224e-07 
2.64829e-07 -5.1992e-07 
4.00398e-07 -5.38542e-07 
5.36525e-07 -5.50256e-07 
-0         0          
0          0          
0          0          
0          0          
0          0          
0          0          
0          0          
0          0          
0          0          
0          0          
0          0          
2.2791e-06 -3.18026e-06 
1.99014e-06 -3.41744e-06 
1.81655e-06 -3.46216e-06 
1.92323e-06 -3.40809e-06 
2.39678e-06 -3.28767e-06 
3.25495e-06 -2.85365e-06 
4.01709e-06 -1.63176e-06 
3.67528e-06 -1.26437e-07 
2.69661e-06 5.15853e-07 
1.92697e-06 5.50114e-07 
1.43509e-06 4.23375e-07 
1.12188e-06 3.03784e-07 
9.12345e-07 2.21864e-07 
7.66372e-07 1.73214e-07 
6.61128e-07 1.41193e-07 
5.824e-07  1.21211e-07 
5.2015e-07 1.06476e-07 
4.6842e-07 9.13351e-08 
4.20196e-07 7.32666e-08 
3.7319e-07 5.28531e-08 
3.26697e-07 3.10797e-08 
2.78295e-07 6.78561e-09 
2.31145e-07 -1.85489e-08 
1.85284e-07 -4.58625e-08 
1.41415e-07 -7.68139e-08 
1.00742e-07 -1.12604e-07 
